-1.141485800000000062e+01,2.179000000000000103e-01
-1.141763200000000111e+01,2.774809999999999777e-01
-1.138326900000000030e+01,3.074659999999999616e-01
-1.132977200000000018e+01,2.782499999999999973e-01
-1.131158300000000061e+01,2.491809999999999858e-01
-1.131679600000000008e+01,1.569989999999999997e-01
-1.135673699999999897e+01,4.477799999999999836e-02
-1.139945399999999864e+01,-4.811200000000000199e-02
-1.139275600000000033e+01,-1.375890000000000168e-01
-1.130561799999999906e+01,-1.659059999999999979e-01
-1.117244600000000077e+01,-9.449600000000001054e-02
-1.109169400000000039e+01,-1.322999999999999957e-03
-1.113030700000000017e+01,6.805200000000000138e-02
-1.128895299999999935e+01,1.138210000000000055e-01
-1.150715600000000016e+01,1.554839999999999833e-01
-1.170453099999999935e+01,1.532440000000000191e-01
-1.184420200000000101e+01,1.092710000000000070e-01
-1.190684500000000057e+01,2.989200000000000190e-02
-1.189177800000000040e+01,1.857599999999999876e-02
-1.180535300000000021e+01,4.846000000000000307e-02
-1.170436799999999877e+01,1.339349999999999985e-01
-1.161636600000000108e+01,2.108099999999999974e-01
-1.155678900000000020e+01,2.619760000000000422e-01
-1.150585500000000039e+01,2.364639999999999798e-01
-1.143835399999999858e+01,1.724580000000000002e-01
-1.138429499999999983e+01,6.478799999999999837e-02
-1.136195099999999947e+01,1.816399999999999959e-02
-1.138519799999999904e+01,1.904600000000000043e-02
-1.143306300000000064e+01,4.638000000000000456e-02
-1.147151900000000069e+01,1.302780000000000049e-01
-1.147262700000000102e+01,1.914099999999999968e-01
-1.142916499999999935e+01,2.448329999999999951e-01
-1.134797499999999992e+01,2.432459999999999900e-01
-1.125556100000000015e+01,2.726050000000000417e-01
-1.116626199999999969e+01,2.874229999999999841e-01
-1.110122499999999945e+01,2.874920000000000253e-01
-1.106053299999999950e+01,2.938139999999999641e-01
-1.104204499999999989e+01,3.217820000000000125e-01
-1.104366399999999970e+01,3.558250000000000024e-01
-1.105945200000000028e+01,4.019610000000000127e-01
-1.108172899999999927e+01,4.357460000000000222e-01
-1.111046799999999912e+01,4.728520000000000501e-01
-1.113491000000000142e+01,4.907839999999999980e-01
-1.115657700000000041e+01,4.912020000000000275e-01
-1.117644899999999986e+01,4.961399999999999699e-01
-1.119289900000000060e+01,4.705189999999999650e-01
-1.122045199999999987e+01,4.725759999999999961e-01
-1.126128999999999891e+01,4.840810000000000390e-01
-1.130538400000000010e+01,4.974890000000000145e-01
-1.134839299999999973e+01,5.069799999999999862e-01
-1.137387400000000071e+01,5.396920000000000606e-01
-1.138541099999999950e+01,5.524560000000000581e-01
-1.138759699999999953e+01,5.395140000000000491e-01
-1.140335499999999946e+01,5.367140000000000244e-01
-1.143850500000000103e+01,5.497009999999999952e-01
-1.147579499999999975e+01,5.632899999999999574e-01
-1.149807899999999883e+01,5.679079999999999684e-01
-1.151466600000000007e+01,5.961380000000000567e-01
-1.152227400000000124e+01,6.338529999999999998e-01
-1.153366899999999973e+01,6.235890000000000599e-01
-1.154488999999999876e+01,6.453800000000000647e-01
-1.155458999999999925e+01,6.770559999999999912e-01
-1.156928999999999874e+01,7.081460000000000532e-01
-1.158671999999999969e+01,7.463029999999999387e-01
-1.161870200000000075e+01,7.757060000000000066e-01
-1.164273000000000025e+01,7.691869999999999541e-01
-1.166213100000000047e+01,7.720510000000000428e-01
-1.167045300000000019e+01,7.654980000000000118e-01
-1.166042500000000004e+01,7.507859999999999534e-01
-1.163526000000000060e+01,7.390290000000000470e-01
-1.162645499999999998e+01,7.508899999999999464e-01
-1.162769799999999876e+01,7.648859999999999548e-01
-1.164889299999999928e+01,7.446659999999999391e-01
-1.168402500000000011e+01,7.290670000000000206e-01
-1.170786900000000053e+01,7.326899999999999524e-01
-1.171978700000000018e+01,7.451339999999999630e-01
-1.171801400000000015e+01,7.551120000000000054e-01
-1.170488800000000040e+01,7.722170000000000423e-01
-1.169476799999999983e+01,8.085210000000000452e-01
-1.167581900000000061e+01,8.370940000000000047e-01
-1.167347200000000029e+01,8.500180000000000513e-01
-1.168117900000000020e+01,8.690329999999999444e-01
-1.169767700000000055e+01,8.802240000000000064e-01
-1.171845099999999995e+01,8.785649999999999293e-01
-1.174604900000000107e+01,9.037790000000001100e-01
-1.176223399999999941e+01,8.940290000000000736e-01
-1.177935399999999966e+01,8.897579999999999378e-01
-1.178438899999999911e+01,8.744729999999999448e-01
-1.177378699999999867e+01,8.703649999999999443e-01
-1.176227700000000098e+01,8.790600000000000636e-01
-1.174827400000000033e+01,8.604690000000000394e-01
-1.175470700000000157e+01,8.698530000000000983e-01
-1.177530199999999994e+01,8.829080000000000261e-01
-1.179639099999999985e+01,9.030379999999998963e-01
-1.180611500000000014e+01,9.110139999999999905e-01
-1.180616600000000105e+01,9.022909999999999542e-01
-1.180012100000000075e+01,9.087950000000000195e-01
-1.180641400000000019e+01,9.200920000000000210e-01
-1.181447400000000059e+01,9.222549999999999359e-01
-1.182227299999999914e+01,9.258059999999999068e-01
-1.182705599999999890e+01,9.501040000000000596e-01
-1.182104299999999952e+01,9.537209999999999299e-01
-1.181308500000000095e+01,9.566769999999999996e-01
-1.180982599999999927e+01,9.458200000000001051e-01
-1.179733399999999932e+01,9.326590000000000158e-01
-1.178810399999999881e+01,9.492909999999999959e-01
-1.176852000000000054e+01,9.125489999999999435e-01
-1.173874299999999948e+01,9.000759999999999872e-01
-1.170105799999999974e+01,8.948700000000000543e-01
-1.166966500000000018e+01,8.818520000000000802e-01
-1.164755700000000083e+01,8.716040000000000454e-01
-1.164399199999999901e+01,8.724410000000000220e-01
-1.163717199999999963e+01,8.671459999999998614e-01
-1.162160500000000063e+01,8.466899999999999427e-01
-1.159713600000000078e+01,8.537259999999999849e-01
-1.156085700000000038e+01,8.674749999999999961e-01
-1.152783200000000008e+01,8.813270000000000826e-01
-1.149469799999999964e+01,8.827920000000000211e-01
-1.147426000000000101e+01,8.910879999999998802e-01
-1.146289900000000017e+01,9.037420000000000453e-01
-1.145636799999999944e+01,9.062680000000000735e-01
-1.145559599999999989e+01,9.048200000000000687e-01
-1.145994999999999919e+01,9.077219999999999178e-01
-1.145783200000000157e+01,9.012580000000000036e-01
-1.144876400000000061e+01,8.826120000000000632e-01
-1.143134099999999975e+01,8.816530000000000200e-01
-1.139992699999999992e+01,8.903180000000000538e-01
-1.138167699999999982e+01,9.091500000000000137e-01
-1.136617700000000042e+01,9.034940000000000193e-01
-1.137690899999999949e+01,9.103059999999999485e-01
-1.139950600000000058e+01,9.178799999999999182e-01
-1.142093799999999959e+01,9.209610000000000296e-01
-1.143799900000000136e+01,9.411370000000001124e-01
-1.144816100000000070e+01,9.669339999999999602e-01
-1.145515600000000056e+01,1.003374999999999906e+00
-1.145767799999999959e+01,1.036329999999999973e+00
-1.145488699999999938e+01,1.041011000000000131e+00
-1.145498500000000064e+01,1.053170000000000162e+00
-1.146081500000000020e+01,1.068679999999999852e+00
-1.147853300000000054e+01,1.062424999999999953e+00
-1.150602699999999956e+01,1.086988999999999983e+00
-1.154111499999999957e+01,1.060932999999999904e+00
-1.156601999999999997e+01,1.052829999999999933e+00
-1.158348900000000015e+01,1.039902000000000104e+00
-1.158487100000000147e+01,1.036491999999999969e+00
-1.158826900000000037e+01,1.041154000000000135e+00
-1.159575800000000001e+01,1.026829999999999909e+00
-1.161071300000000051e+01,1.007767000000000079e+00
-1.163141300000000022e+01,9.820840000000000680e-01
-1.163241799999999948e+01,9.880229999999999846e-01
-1.161961300000000108e+01,9.999819999999999265e-01
-1.160351400000000055e+01,1.024092000000000002e+00
-1.158945800000000048e+01,1.042607000000000061e+00
-1.158838999999999864e+01,1.067462000000000133e+00
-1.158851999999999904e+01,1.110543999999999976e+00
-1.160460600000000042e+01,1.116349000000000036e+00
-1.162213099999999955e+01,1.129972999999999894e+00
-1.163916199999999890e+01,1.135947000000000040e+00
-1.165171600000000041e+01,1.121803000000000106e+00
-1.166773200000000088e+01,1.121512999999999982e+00
-1.167682399999999987e+01,1.116518000000000121e+00
-1.167411499999999869e+01,1.111748999999999876e+00
-1.166162100000000024e+01,1.099974000000000007e+00
-1.164017400000000002e+01,1.092408000000000046e+00
-1.162282500000000063e+01,1.086459999999999981e+00
-1.161193800000000032e+01,1.064772999999999969e+00
-1.162294999999999945e+01,1.065603999999999996e+00
-1.164890899999999974e+01,1.067412999999999945e+00
-1.166251699999999936e+01,1.067698999999999954e+00
-1.166817999999999955e+01,1.075592000000000104e+00
-1.166510200000000097e+01,1.084881999999999902e+00
-1.165329299999999968e+01,1.098459000000000074e+00
-1.164922799999999903e+01,1.114584999999999937e+00
-1.164294100000000043e+01,1.125221999999999944e+00
-1.164860900000000044e+01,1.134144000000000041e+00
-1.165501300000000029e+01,1.185453000000000090e+00
-1.165770999999999979e+01,1.170023000000000035e+00
-1.166679900000000103e+01,1.172005999999999881e+00
-1.167600499999999997e+01,1.161084000000000005e+00
-1.167457899999999960e+01,1.147677000000000058e+00
-1.166385299999999958e+01,1.131297999999999915e+00
-1.164421699999999937e+01,1.118643999999999972e+00
-1.161543999999999954e+01,1.134746999999999950e+00
-1.159205700000000050e+01,1.140266000000000002e+00
-1.157284899999999972e+01,1.134829000000000088e+00
-1.156614100000000001e+01,1.096487999999999907e+00
-1.157722200000000079e+01,1.091148999999999925e+00
-1.157483699999999871e+01,1.076805999999999930e+00
-1.156152799999999914e+01,1.073980999999999852e+00
-1.153716000000000008e+01,1.094540000000000068e+00
-1.150874699999999962e+01,1.102881999999999918e+00
-1.148978500000000125e+01,1.106695999999999902e+00
-1.147759499999999910e+01,1.101825999999999972e+00
-1.147027600000000014e+01,1.095952999999999955e+00
-1.146573300000000017e+01,1.092314999999999925e+00
-1.146253800000000034e+01,1.092202000000000117e+00
-1.146642399999999995e+01,1.087417000000000078e+00
-1.147175799999999946e+01,1.079688999999999899e+00
-1.146797499999999914e+01,1.045419000000000098e+00
-1.145400500000000044e+01,1.034620000000000095e+00
-1.143104299999999895e+01,1.024764999999999926e+00
-1.140462400000000009e+01,1.057566999999999924e+00
-1.138431199999999954e+01,1.061131999999999964e+00
-1.136826899999999974e+01,1.048866999999999994e+00
-1.137300600000000017e+01,1.060672999999999977e+00
-1.138040099999999910e+01,1.072918000000000038e+00
-1.137301399999999951e+01,1.043023000000000033e+00
-1.136684200000000011e+01,1.094427999999999956e+00
-1.135982100000000017e+01,1.137444000000000122e+00
-1.135872799999999927e+01,1.179912000000000072e+00
-1.135636900000000082e+01,1.206676000000000082e+00
-1.135873199999999983e+01,1.203820999999999808e+00
-1.137281699999999951e+01,1.196144000000000096e+00
-1.138604199999999977e+01,1.185126000000000124e+00
-1.140943399999999919e+01,1.179642999999999997e+00
-1.143722899999999854e+01,1.180137999999999909e+00
-1.145525800000000061e+01,1.198283999999999905e+00
-1.146008699999999969e+01,1.190614999999999979e+00
-1.145542700000000025e+01,1.120471999999999912e+00
-1.143865599999999993e+01,1.092025999999999941e+00
-1.143069500000000005e+01,1.072940999999999923e+00
-1.143629999999999924e+01,1.043093000000000048e+00
-1.145319800000000043e+01,1.014229999999999965e+00
-1.148569999999999958e+01,1.044378000000000029e+00
-1.150641599999999976e+01,1.033244000000000051e+00
-1.152034599999999998e+01,1.052709000000000117e+00
-1.152165300000000059e+01,1.060169000000000139e+00
-1.151575399999999938e+01,1.084376000000000007e+00
-1.151827499999999915e+01,1.105633000000000088e+00
-1.152587600000000023e+01,1.117064999999999975e+00
-1.154778300000000080e+01,1.148930999999999925e+00
-1.155911099999999969e+01,1.157283999999999979e+00
-1.156062499999999993e+01,1.160162999999999833e+00
-1.156643299999999996e+01,1.160460000000000047e+00
-1.157355300000000042e+01,1.157513999999999932e+00
-1.158031499999999880e+01,1.145672999999999941e+00
-1.158195500000000067e+01,1.127774000000000054e+00
-1.156762400000000035e+01,1.112929999999999975e+00
-1.153685800000000050e+01,1.103079999999999838e+00
-1.150632300000000008e+01,1.101735000000000131e+00
-1.148191000000000095e+01,1.092204000000000175e+00
-1.148193200000000047e+01,1.093796999999999908e+00
-1.149761300000000119e+01,1.136512999999999884e+00
-1.150490200000000129e+01,1.136168000000000067e+00
-1.151086899999999957e+01,1.140641999999999934e+00
-1.151055099999999953e+01,1.153354999999999908e+00
-1.150207499999999960e+01,1.116765999999999925e+00
-1.150000900000000037e+01,1.125605999999999884e+00
-1.148398000000000074e+01,1.112830999999999904e+00
-1.147925500000000021e+01,1.118004999999999916e+00
-1.148414499999999983e+01,1.158602000000000132e+00
-1.149155799999999950e+01,1.151479999999999837e+00
-1.149622299999999875e+01,1.118640999999999996e+00
-1.150184600000000046e+01,1.106033999999999962e+00
-1.150516000000000005e+01,1.086092000000000057e+00
-1.150059199999999926e+01,1.062265000000000015e+00
-1.148511399999999938e+01,1.037104000000000026e+00
-1.145856700000000039e+01,1.022650000000000059e+00
-1.143920899999999996e+01,1.026603000000000154e+00
-1.143141199999999991e+01,1.030607000000000051e+00
-1.143838599999999950e+01,1.050185000000000146e+00
-1.145488100000000031e+01,1.067215999999999942e+00
-1.145083800000000096e+01,1.068714999999999860e+00
-1.143864400000000003e+01,1.114765000000000006e+00
-1.142242200000000096e+01,1.125145999999999979e+00
-1.141574100000000058e+01,1.152792999999999957e+00
-1.141704499999999989e+01,1.162358999999999920e+00
-1.141653500000000143e+01,1.114217000000000013e+00
-1.142360899999999901e+01,1.120198000000000027e+00
-1.142815599999999954e+01,1.131159999999999943e+00
-1.143519400000000097e+01,1.177966999999999986e+00
-1.144755400000000023e+01,1.182385000000000019e+00
-1.146830899999999964e+01,1.175011000000000028e+00
-1.147517100000000134e+01,1.156168000000000085e+00
-1.146196799999999882e+01,1.129348000000000019e+00
-1.143321199999999926e+01,1.062100999999999962e+00
-1.139693300000000065e+01,1.040793999999999997e+00
-1.135720500000000044e+01,1.037870999999999988e+00
-1.132872599999999963e+01,1.061429999999999874e+00
-1.130363800000000118e+01,1.040514999999999857e+00
-1.130268200000000078e+01,1.006340999999999930e+00
-1.130182499999999912e+01,9.920879999999999699e-01
-1.129374400000000023e+01,9.868459999999998900e-01
-1.127139200000000052e+01,9.846850000000000325e-01
-1.123523600000000044e+01,9.839280000000000248e-01
-1.119896600000000042e+01,9.896200000000000552e-01
-1.117671499999999973e+01,1.030222999999999889e+00
-1.114782499999999921e+01,1.023479000000000028e+00
-1.113212299999999999e+01,1.030623000000000067e+00
-1.112188899999999947e+01,1.048880000000000035e+00
-1.112013699999999972e+01,1.059070999999999874e+00
-1.112759600000000049e+01,1.055487999999999982e+00
-1.113776299999999964e+01,1.052269000000000121e+00
-1.113401499999999977e+01,1.040253000000000094e+00
-1.112268500000000060e+01,1.029977000000000142e+00
-1.110359799999999986e+01,1.021747999999999879e+00
-1.108126399999999911e+01,9.938329999999999664e-01
-1.107118399999999880e+01,1.000315999999999983e+00
-1.106367100000000114e+01,9.948799999999998755e-01
-1.108099600000000073e+01,9.919660000000000144e-01
-1.110012299999999996e+01,9.958120000000000305e-01
-1.110915299999999917e+01,9.954930000000000723e-01
-1.111363699999999888e+01,1.000477999999999978e+00
-1.111879099999999987e+01,1.001811000000000007e+00
-1.112439900000000037e+01,1.004927000000000126e+00
-1.113123900000000077e+01,1.017854999999999954e+00
-1.114088000000000100e+01,1.033657999999999966e+00
-1.115766600000000075e+01,1.024791999999999925e+00
-1.117653900000000000e+01,1.031552000000000024e+00
-1.120322200000000024e+01,1.026615999999999973e+00
-1.123116399999999970e+01,1.015506000000000020e+00
-1.125201299999999982e+01,1.002856999999999887e+00
-1.126059400000000110e+01,9.867219999999999880e-01
-1.126330300000000051e+01,9.941229999999999789e-01
-1.125816199999999867e+01,9.764599999999999946e-01
-1.124264200000000002e+01,9.788360000000000394e-01
-1.124304500000000040e+01,9.825840000000000130e-01
-1.124704299999999968e+01,9.592229999999999368e-01
-1.126986300000000085e+01,9.581840000000000357e-01
-1.129424400000000084e+01,9.643249999999999877e-01
-1.130572899999999947e+01,9.794280000000000763e-01
-1.131134100000000053e+01,9.835559999999999858e-01
-1.131168599999999991e+01,9.958030000000001047e-01
-1.131294499999999914e+01,1.015484000000000053e+00
-1.131466600000000078e+01,1.032370000000000010e+00
-1.131909800000000033e+01,1.034079000000000192e+00
-1.133390800000000098e+01,1.038795000000000135e+00
-1.134717500000000001e+01,1.046567000000000025e+00
-1.136032499999999956e+01,1.046304999999999819e+00
-1.137852700000000006e+01,1.044499000000000066e+00
-1.139673999999999943e+01,1.042899999999999938e+00
-1.141372800000000076e+01,1.030679000000000123e+00
-1.142124699999999926e+01,1.014221999999999957e+00
-1.140801699999999919e+01,1.003643999999999981e+00
-1.138625000000000043e+01,1.011828000000000172e+00
-1.136586999999999925e+01,1.021714999999999929e+00
-1.135404799999999881e+01,1.030540000000000012e+00
-1.136717900000000014e+01,1.039336000000000038e+00
-1.139530899999999924e+01,1.053651000000000115e+00
-1.141522499999999951e+01,1.073792000000000080e+00
-1.141375700000000037e+01,1.087923999999999891e+00
-1.140833600000000025e+01,1.104945000000000066e+00
-1.139261899999999983e+01,1.088948999999999945e+00
-1.138865900000000053e+01,1.103772999999999893e+00
-1.138063000000000002e+01,1.107387999999999817e+00
-1.138017599999999874e+01,1.115419000000000160e+00
-1.138184099999999965e+01,1.150979999999999892e+00
-1.138679899999999989e+01,1.165445000000000064e+00
-1.138947700000000118e+01,1.160148999999999875e+00
-1.140122899999999895e+01,1.153818000000000010e+00
-1.140988200000000141e+01,1.149660000000000126e+00
-1.140741500000000030e+01,1.139869000000000021e+00
-1.140267799999999987e+01,1.134646999999999961e+00
-1.139564000000000021e+01,1.134066000000000018e+00
-1.138834299999999899e+01,1.148258000000000001e+00
-1.137790799999999969e+01,1.133431999999999995e+00
-1.137045700000000004e+01,1.119032999999999944e+00
-1.138172599999999868e+01,1.124670000000000059e+00
-1.138439100000000082e+01,1.126819000000000015e+00
-1.137045700000000004e+01,1.120993000000000128e+00
-1.135634799999999878e+01,1.136686000000000085e+00
-1.134278899999999979e+01,1.145913999999999877e+00
-1.133919999999999995e+01,1.164671999999999930e+00
-1.134383599999999959e+01,1.168635000000000090e+00
-1.134869100000000053e+01,1.153556999999999944e+00
-1.136043200000000120e+01,1.150074000000000041e+00
-1.136860599999999977e+01,1.147280999999999995e+00
-1.138391299999999973e+01,1.142732000000000081e+00
-1.140657200000000060e+01,1.144119000000000108e+00
-1.141876399999999947e+01,1.123990000000000045e+00
-1.141593600000000031e+01,1.097743000000000135e+00
-1.139342500000000058e+01,1.070446999999999926e+00
-1.136743500000000040e+01,1.064346000000000014e+00
-1.133479700000000001e+01,1.051547000000000009e+00
-1.131160399999999910e+01,1.066758000000000095e+00
-1.130142799999999959e+01,1.059811000000000059e+00
-1.130259400000000092e+01,1.039404999999999912e+00
-1.131706799999999902e+01,1.034100000000000019e+00
-1.132076400000000049e+01,1.022205999999999948e+00
-1.130476600000000076e+01,1.022256000000000054e+00
-1.127182899999999854e+01,1.041123000000000021e+00
-1.123268500000000003e+01,1.049576000000000064e+00
-1.120296499999999895e+01,1.061134000000000022e+00
-1.118212700000000126e+01,1.036234000000000099e+00
-1.117128800000000055e+01,1.029025000000000079e+00
-1.116539900000000074e+01,1.036362000000000005e+00
-1.115671999999999997e+01,1.027819000000000038e+00
-1.115660200000000124e+01,1.044124999999999970e+00
-1.116079200000000071e+01,1.039552000000000032e+00
-1.116321000000000119e+01,1.010356999999999950e+00
-1.115362799999999943e+01,9.969120000000001314e-01
-1.113789700000000060e+01,9.821479999999999100e-01
-1.111609600000000064e+01,9.707639999999999603e-01
-1.108267100000000127e+01,9.649959999999999649e-01
-1.106312800000000074e+01,9.783149999999999347e-01
-1.104874199999999895e+01,9.744680000000000009e-01
-1.105609199999999959e+01,9.600360000000001115e-01
-1.107650899999999972e+01,9.637059999999999516e-01
-1.109675799999999946e+01,9.681429999999999758e-01
-1.111669100000000121e+01,9.790419999999999678e-01
-1.112274400000000085e+01,9.891309999999999825e-01
-1.112629700000000099e+01,1.002004000000000117e+00
-1.112822899999999926e+01,1.011198000000000041e+00
-1.112391199999999891e+01,1.019406999999999952e+00
-1.113046899999999972e+01,1.018925999999999998e+00
-1.114467800000000075e+01,1.015482999999999913e+00
-1.116986799999999924e+01,1.006397999999999904e+00
-1.120369700000000002e+01,1.003706999999999905e+00
-1.123275600000000018e+01,9.995079999999999520e-01
-1.125301100000000076e+01,1.007524000000000086e+00
-1.125770599999999888e+01,9.828059999999999574e-01
-1.124736500000000028e+01,9.336139999999999439e-01
-1.123591599999999957e+01,9.266440000000000232e-01
-1.123384199999999922e+01,9.369780000000000886e-01
-1.124840700000000027e+01,9.293329999999999647e-01
-1.128565299999999993e+01,9.179959999999999232e-01
-1.134516700000000000e+01,9.387459999999998583e-01
-1.137153099999999917e+01,9.109729999999999217e-01
-1.136492199999999997e+01,9.184860000000000246e-01
-1.134067499999999917e+01,9.236809999999999743e-01
-1.130719299999999983e+01,9.116739999999999844e-01
-1.129628999999999905e+01,9.376959999999998630e-01
-1.129571300000000100e+01,9.467110000000000802e-01
-1.130871600000000043e+01,9.285100000000000575e-01
-1.132019999999999982e+01,9.265830000000000455e-01
-1.132107099999999988e+01,9.217200000000000948e-01
-1.132553799999999988e+01,9.214940000000000353e-01
-1.132984700000000089e+01,9.110790000000000832e-01
-1.133341399999999943e+01,9.095069999999999544e-01
-1.133712700000000062e+01,9.213489999999999736e-01
-1.132989600000000152e+01,8.985509999999999886e-01
-1.131368200000000002e+01,8.663149999999999462e-01
-1.129441899999999954e+01,8.552729999999999499e-01
-1.128243099999999899e+01,8.638020000000000698e-01
-1.127236599999999989e+01,8.637370000000000880e-01
-1.128717799999999905e+01,8.714850000000000652e-01
-1.131136799999999987e+01,8.747790000000000843e-01
-1.132316699999999976e+01,8.894429999999999836e-01
-1.132197200000000059e+01,9.238729999999999443e-01
-1.130588499999999996e+01,9.204120000000001189e-01
-1.128218099999999957e+01,9.234839999999999716e-01
-1.126640000000000086e+01,9.275329999999999409e-01
-1.126213999999999871e+01,9.304489999999999705e-01
-1.127248900000000020e+01,9.324950000000000738e-01
-1.128238200000000013e+01,9.303580000000000183e-01
-1.128943800000000053e+01,9.368110000000000603e-01
-1.129539699999999947e+01,9.257589999999999986e-01
-1.130424600000000090e+01,9.129099999999999993e-01
-1.130845700000000065e+01,9.064090000000000202e-01
-1.130028599999999983e+01,8.989679999999999893e-01
-1.128438300000000005e+01,8.870370000000000754e-01
-1.126516400000000040e+01,8.819129999999999470e-01
-1.124335700000000138e+01,8.905999999999999472e-01
-1.122854399999999941e+01,9.037319999999999798e-01
-1.121825700000000126e+01,9.136690000000000644e-01
-1.122850399999999915e+01,9.232329999999999703e-01
-1.125122499999999981e+01,9.230019999999999891e-01
-1.125982299999999903e+01,9.439750000000000085e-01
-1.125486199999999926e+01,9.291639999999999899e-01
-1.124420899999999968e+01,9.358889999999999709e-01
-1.123336600000000018e+01,9.433790000000000786e-01
-1.122998600000000025e+01,9.435499999999999998e-01
-1.122422700000000084e+01,9.209190000000000431e-01
-1.122483800000000009e+01,9.127870000000001260e-01
-1.123524199999999951e+01,9.212200000000000388e-01
-1.123245700000000014e+01,8.844090000000000007e-01
-1.123543999999999876e+01,8.466940000000000577e-01
-1.123837799999999909e+01,8.283329999999999860e-01
-1.123329799999999956e+01,8.028370000000000228e-01
-1.121383600000000058e+01,7.806049999999999933e-01
-1.117679900000000082e+01,7.594090000000000007e-01
-1.114556600000000053e+01,7.523079999999999767e-01
-1.111477799999999938e+01,7.570210000000000550e-01
-1.108656399999999920e+01,7.734180000000000499e-01
-1.105781400000000048e+01,7.812379999999999880e-01
-1.103267699999999962e+01,7.673770000000000868e-01
-1.102942100000000103e+01,8.083339999999999970e-01
-1.101298699999999897e+01,8.140760000000000218e-01
-1.098700399999999888e+01,8.245489999999999764e-01
-1.095478800000000064e+01,8.429830000000000378e-01
-1.092081000000000124e+01,8.599700000000001232e-01
-1.089356599999999986e+01,8.468610000000000859e-01
-1.087584400000000073e+01,8.468799999999999661e-01
-1.086583399999999955e+01,8.758620000000000294e-01
-1.086184800000000017e+01,8.946950000000000180e-01
-1.086377000000000059e+01,9.048780000000000712e-01
-1.086470300000000044e+01,9.058530000000000193e-01
-1.087189700000000059e+01,8.611850000000000893e-01
-1.087752700000000061e+01,8.582799999999999319e-01
-1.087442500000000045e+01,8.511379999999999502e-01
-1.086299400000000048e+01,8.432819999999999760e-01
-1.084571399999999919e+01,8.306030000000000912e-01
-1.082842299999999902e+01,8.315209999999999546e-01
-1.082412300000000016e+01,8.275600000000000733e-01
-1.082892299999999963e+01,8.218780000000001085e-01
-1.084970500000000015e+01,8.207270000000000953e-01
-1.087674499999999966e+01,8.347790000000000488e-01
-1.088843300000000092e+01,8.562049999999998828e-01
-1.089697599999999866e+01,8.807299999999999018e-01
-1.089866799999999891e+01,9.260290000000001021e-01
-1.090263799999999961e+01,9.387809999999999766e-01
-1.091471199999999975e+01,9.386860000000000204e-01
-1.093292800000000042e+01,9.340450000000001252e-01
-1.096489900000000084e+01,9.323899999999999411e-01
-1.099972700000000003e+01,9.320479999999999876e-01
-1.103142099999999992e+01,9.344839999999999813e-01
-1.106265099999999890e+01,9.271149999999999114e-01
-1.108750700000000045e+01,9.146569999999999423e-01
-1.110230800000000073e+01,8.967440000000000966e-01
-1.110869199999999957e+01,8.747850000000000348e-01
-1.110014900000000004e+01,8.148039999999999727e-01
-1.108569699999999969e+01,8.165050000000000363e-01
-1.108205799999999996e+01,8.327879999999999727e-01
-1.108509600000000006e+01,8.016879999999999562e-01
-1.110863299999999931e+01,7.978810000000000624e-01
-1.113499200000000044e+01,8.008680000000000243e-01
-1.114436300000000024e+01,7.741759999999999753e-01
-1.113975899999999974e+01,8.035029999999999673e-01
-1.113849900000000126e+01,8.328160000000000007e-01
-1.112591899999999967e+01,8.378740000000000077e-01
-1.112737199999999937e+01,8.411760000000000348e-01
-1.111922599999999939e+01,8.394690000000000207e-01
-1.112575499999999984e+01,8.446850000000000191e-01
-1.114035699999999984e+01,8.533399999999999874e-01
-1.115883600000000087e+01,8.590240000000000098e-01
-1.118471699999999913e+01,8.556290000000000839e-01
-1.121936499999999981e+01,8.587959999999998928e-01
-1.124493399999999887e+01,8.479379999999999695e-01
-1.126224099999999950e+01,8.289850000000000829e-01
-1.126385499999999951e+01,7.986779999999999990e-01
-1.125768200000000085e+01,7.863109999999999822e-01
-1.124033800000000127e+01,7.867340000000000444e-01
-1.123318399999999961e+01,7.920669999999999655e-01
-1.123474700000000048e+01,7.980599999999999916e-01
-1.127058399999999949e+01,8.356749999999999456e-01
-1.130025599999999919e+01,8.244639999999999747e-01
-1.131098399999999948e+01,8.303120000000000500e-01
-1.131080899999999900e+01,8.603089999999999904e-01
-1.129479399999999956e+01,8.831829999999999403e-01
-1.127815700000000021e+01,8.970430000000000348e-01
-1.126626199999999933e+01,9.100950000000000983e-01
-1.125630800000000065e+01,9.185290000000000399e-01
-1.125577700000000014e+01,9.297520000000000229e-01
-1.125954400000000000e+01,8.880839999999999845e-01
-1.127297400000000138e+01,8.990909999999999735e-01
-1.128568300000000058e+01,8.919709999999999583e-01
-1.129376199999999919e+01,8.808510000000000506e-01
-1.129710299999999989e+01,9.030940000000000634e-01
-1.127691499999999891e+01,8.835260000000000336e-01
-1.125473299999999988e+01,8.808580000000000298e-01
-1.122309199999999940e+01,8.532750000000000057e-01
-1.119938400000000023e+01,8.765709999999998780e-01
-1.118372199999999950e+01,8.776089999999999725e-01
-1.118288699999999913e+01,8.789239999999999275e-01
-1.120516100000000037e+01,8.934219999999999384e-01
-1.121110900000000044e+01,8.875370000000001314e-01
-1.120695000000000086e+01,8.979620000000000379e-01
-1.119804099999999991e+01,9.094889999999999919e-01
-1.118606400000000001e+01,9.240000000000000435e-01
-1.117506400000000077e+01,9.208600000000000119e-01
-1.116733600000000060e+01,9.186499999999999666e-01
-1.115946899999999964e+01,9.055190000000000738e-01
-1.115560200000000002e+01,9.006690000000000529e-01
-1.114463399999999993e+01,8.838219999999998855e-01
-1.113552499999999945e+01,8.645829999999999904e-01
-1.112936999999999976e+01,8.520139999999999381e-01
-1.111515499999999967e+01,8.421739999999999782e-01
-1.109102100000000135e+01,8.370790000000001285e-01
-1.105583900000000064e+01,8.176560000000000494e-01
-1.101289799999999985e+01,8.103709999999999525e-01
-1.096542499999999976e+01,8.081829999999999847e-01
-1.092114499999999921e+01,8.181359999999999744e-01
-1.088499000000000017e+01,7.942399999999999460e-01
-1.086587299999999878e+01,7.886410000000000364e-01
-1.086075600000000030e+01,8.138180000000000414e-01
-1.084779799999999916e+01,8.285919999999999952e-01
-1.082177899999999937e+01,8.517059999999999631e-01
-1.078810799999999936e+01,8.384149999999999103e-01
-1.075475600000000043e+01,8.686000000000000387e-01
-1.073078699999999941e+01,9.145830000000000348e-01
-1.070329900000000123e+01,9.225110000000000809e-01
-1.068533099999999969e+01,9.534440000000000692e-01
-1.066121599999999958e+01,9.285129999999999217e-01
-1.064538500000000099e+01,9.168129999999998780e-01
-1.064875900000000009e+01,9.074290000000000411e-01
-1.066257099999999980e+01,9.019860000000000655e-01
-1.067420300000000033e+01,8.973450000000000593e-01
-1.068622300000000003e+01,8.887079999999999425e-01
-1.068542000000000058e+01,8.819749999999999535e-01
-1.067943499999999979e+01,8.610370000000000523e-01
-1.066039199999999987e+01,8.499349999999999961e-01
-1.065461799999999926e+01,8.293430000000000524e-01
-1.065004300000000015e+01,7.980329999999999924e-01
-1.066060599999999958e+01,7.754379999999999606e-01
-1.067793299999999945e+01,7.613729999999999665e-01
-1.068824600000000125e+01,7.623539999999999761e-01
-1.070115700000000025e+01,8.084970000000000212e-01
-1.070479599999999998e+01,8.131920000000000259e-01
-1.070607700000000051e+01,8.307090000000000307e-01
-1.071163600000000038e+01,8.325350000000000250e-01
-1.072336600000000040e+01,8.546930000000000360e-01
-1.074852299999999872e+01,8.421089999999999964e-01
-1.078105799999999981e+01,8.322200000000000708e-01
-1.080491000000000135e+01,8.178590000000000027e-01
-1.082502200000000059e+01,7.716420000000000501e-01
-1.084382100000000015e+01,7.735300000000000509e-01
-1.085048399999999980e+01,7.823439999999999284e-01
-1.085204099999999983e+01,7.669479999999999631e-01
-1.084718200000000010e+01,7.475589999999999735e-01
-1.083942500000000031e+01,7.621379999999999821e-01
-1.083316400000000002e+01,7.453859999999999930e-01
-1.083753300000000053e+01,7.397610000000000019e-01
-1.085168200000000027e+01,7.387239999999999363e-01
-1.087972200000000100e+01,7.532250000000000334e-01
-1.089267400000000130e+01,7.579329999999999679e-01
-1.089279100000000078e+01,7.902500000000000080e-01
-1.088277899999999931e+01,7.990960000000000285e-01
-1.086453200000000052e+01,7.851829999999999643e-01
-1.085214600000000118e+01,7.820679999999999854e-01
-1.084820000000000029e+01,7.873949999999999561e-01
-1.084811600000000098e+01,8.087630000000000097e-01
-1.085565399999999947e+01,8.355259999999999909e-01
-1.086520099999999900e+01,8.417709999999999360e-01
-1.088090000000000046e+01,8.399929999999999897e-01
-1.089769800000000011e+01,8.280209999999998960e-01
-1.090508699999999997e+01,8.142699999999999383e-01
-1.090630599999999895e+01,8.075140000000000651e-01
-1.089873399999999926e+01,7.965399999999999148e-01
-1.088958000000000048e+01,7.984409999999999563e-01
-1.087529100000000071e+01,8.108980000000000077e-01
-1.086798500000000089e+01,8.345040000000001346e-01
-1.086839999999999939e+01,8.369090000000000140e-01
-1.089450800000000008e+01,8.660250000000000448e-01
-1.093324799999999897e+01,8.866209999999998814e-01
-1.095588500000000032e+01,9.168299999999999228e-01
-1.096616900000000072e+01,9.354339999999999877e-01
-1.096846700000000041e+01,9.839350000000000041e-01
-1.096951600000000049e+01,1.015849999999999920e+00
-1.097253300000000031e+01,1.003479000000000010e+00
-1.098353299999999955e+01,1.017136000000000040e+00
-1.100037599999999927e+01,1.010129999999999972e+00
-1.102679100000000112e+01,1.011892000000000014e+00
-1.105433999999999983e+01,1.014631999999999978e+00
-1.108157500000000084e+01,1.015827000000000035e+00
-1.109834200000000060e+01,1.013270999999999811e+00
-1.111126400000000025e+01,9.998679999999999790e-01
-1.110757899999999943e+01,9.859829999999999428e-01
-1.109295200000000037e+01,9.750950000000000450e-01
-1.107563799999999965e+01,9.646319999999999339e-01
-1.104917599999999922e+01,9.445700000000000207e-01
-1.103763299999999958e+01,9.374569999999999848e-01
-1.103349600000000130e+01,9.044049999999999034e-01
-1.104641699999999993e+01,8.697099999999999831e-01
-1.107006499999999960e+01,8.403239999999999599e-01
-1.108162800000000026e+01,8.222049999999999637e-01
-1.107342200000000076e+01,8.069689999999999364e-01
-1.106142000000000003e+01,8.164339999999999931e-01
-1.104465700000000083e+01,8.221569999999999157e-01
-1.103867100000000079e+01,8.248549999999998938e-01
-1.103501900000000013e+01,8.198190000000000754e-01
