2.779495399999999705e+01,2.081008500000000083e+01
2.788776599999999917e+01,2.106659300000000101e+01
2.791971200000000053e+01,2.131276899999999941e+01
2.798465300000000155e+01,2.158341799999999822e+01
2.811867100000000264e+01,2.180776000000000181e+01
2.827154499999999970e+01,2.199716199999999944e+01
2.842244000000000170e+01,2.225837900000000147e+01
2.849276199999999903e+01,2.262159300000000073e+01
2.839001699999999673e+01,2.294639200000000301e+01
2.806600399999999951e+01,2.313582399999999950e+01
2.752403100000000080e+01,2.320338200000000128e+01
2.683578300000000283e+01,2.318296099999999882e+01
2.611807800000000057e+01,2.303924400000000006e+01
2.541495700000000113e+01,2.275360700000000236e+01
2.475238399999999928e+01,2.242629200000000012e+01
2.407380099999999956e+01,2.210401700000000247e+01
2.371130799999999894e+01,2.196103099999999841e+01
2.291622699999999924e+01,2.167101900000000114e+01
2.200427600000000083e+01,2.125900799999999791e+01
2.110682699999999912e+01,2.078219599999999900e+01
2.029425400000000224e+01,2.018377300000000218e+01
1.957477000000000089e+01,1.953383099999999928e+01
1.900865199999999788e+01,1.875841000000000136e+01
1.856334100000000120e+01,1.781963700000000017e+01
1.818885799999999975e+01,1.669993599999999745e+01
1.776852999999999838e+01,1.555118500000000026e+01
1.717964399999999969e+01,1.457018399999999936e+01
1.636235800000000040e+01,1.359268299999999918e+01
1.541863399999999906e+01,1.251418500000000122e+01
1.442511499999999991e+01,1.161509999999999998e+01
1.327139999999999986e+01,1.087438399999999916e+01
1.202526499999999920e+01,1.026283100000000026e+01
1.081737700000000046e+01,9.798636999999999375e+00
9.755552999999999031e+00,9.353866999999999265e+00
8.960371999999999559e+00,8.931245000000000545e+00
8.393953999999999027e+00,8.562803999999999860e+00
7.902286999999999395e+00,8.173151999999999973e+00
7.477800000000000225e+00,7.907289999999999708e+00
7.116428999999999228e+00,7.824882999999999811e+00
6.829099000000000252e+00,7.800441999999999432e+00
6.610941999999999652e+00,7.798822999999999617e+00
6.541802999999999813e+00,7.814403999999999684e+00
6.570827000000000417e+00,7.904785999999999646e+00
6.682222000000000328e+00,8.039801999999999893e+00
6.824660000000000615e+00,8.272047999999999845e+00
6.928816000000000308e+00,8.619533999999999807e+00
6.936503000000000085e+00,9.066914000000000584e+00
6.811286999999999203e+00,9.557337999999999667e+00
6.587938000000000294e+00,9.996375000000000455e+00
6.307960999999999707e+00,1.034410100000000021e+01
6.050773999999999653e+00,1.059809900000000127e+01
5.814655000000000129e+00,1.079211999999999883e+01
5.630462000000000522e+00,1.096128000000000036e+01
5.482244999999999813e+00,1.112462999999999980e+01
5.410655999999999466e+00,1.130210899999999974e+01
5.395659999999999457e+00,1.148606999999999978e+01
5.425351999999999286e+00,1.167897199999999991e+01
5.478423999999999516e+00,1.188668200000000041e+01
5.524249000000000187e+00,1.214313800000000043e+01
5.586918999999999969e+00,1.246295100000000033e+01
5.663623999999999548e+00,1.279674699999999987e+01
5.755405999999999800e+00,1.307963200000000015e+01
5.848232000000000319e+00,1.329229200000000155e+01
5.950433000000000305e+00,1.342961500000000008e+01
6.029617000000000004e+00,1.352627799999999958e+01
6.051061999999999941e+00,1.358333800000000124e+01
6.015070999999999835e+00,1.360533500000000018e+01
5.919751999999999903e+00,1.363710000000000022e+01
5.791516999999999804e+00,1.365447799999999923e+01
5.678221999999999881e+00,1.370082500000000003e+01
5.590780999999999779e+00,1.372377499999999984e+01
5.537403000000000297e+00,1.373723500000000008e+01
5.529907999999999824e+00,1.378618999999999950e+01
5.553043999999999869e+00,1.383151099999999900e+01
5.602958000000000105e+00,1.387998599999999882e+01
5.638989999999999725e+00,1.391259699999999988e+01
5.668442999999999898e+00,1.391291499999999992e+01
5.678886000000000323e+00,1.391985000000000028e+01
5.668998999999999455e+00,1.390439299999999889e+01
5.658260000000000289e+00,1.389232600000000062e+01
5.659348999999999741e+00,1.389495600000000053e+01
5.671566000000000329e+00,1.390094700000000039e+01
5.684944000000000663e+00,1.396573500000000045e+01
5.716817999999999955e+00,1.408511099999999772e+01
5.780215000000000103e+00,1.420640700000000045e+01
5.893726000000000020e+00,1.430831199999999903e+01
6.029599000000000153e+00,1.433600700000000039e+01
6.137999999999999901e+00,1.434199299999999866e+01
6.183819000000000621e+00,1.436360499999999796e+01
6.181900999999999868e+00,1.436712999999999951e+01
6.152980000000000338e+00,1.437249700000000097e+01
6.115260000000000140e+00,1.439852699999999963e+01
6.066355000000000608e+00,1.441929899999999876e+01
6.056448000000000498e+00,1.443960299999999997e+01
6.068412999999999613e+00,1.445861799999999953e+01
6.091091999999999729e+00,1.445735100000000095e+01
6.113780999999999466e+00,1.442730599999999974e+01
6.117391000000000467e+00,1.436363599999999785e+01
6.093658000000000463e+00,1.431641400000000175e+01
6.028724999999999667e+00,1.425310400000000044e+01
5.942588999999999899e+00,1.423794800000000116e+01
5.861566000000000720e+00,1.422532699999999828e+01
5.771627999999999759e+00,1.416284800000000033e+01
5.669338999999999906e+00,1.408058500000000102e+01
5.587810000000000166e+00,1.402126099999999909e+01
5.542705000000000659e+00,1.398985499999999860e+01
5.537866999999999429e+00,1.395474399999999982e+01
5.575948000000000349e+00,1.391549899999999873e+01
5.616054000000000102e+00,1.387833499999999987e+01
5.654204000000000008e+00,1.386904700000000012e+01
5.672274999999999956e+00,1.388781400000000055e+01
5.687545000000000073e+00,1.389162199999999991e+01
5.688601999999999492e+00,1.390050600000000003e+01
5.687383000000000521e+00,1.391845700000000008e+01
5.705100999999999978e+00,1.391843800000000009e+01
5.724723000000000006e+00,1.391397500000000065e+01
5.760811000000000348e+00,1.388639299999999999e+01
5.826516999999999946e+00,1.387597799999999992e+01
5.882611999999999952e+00,1.388831199999999910e+01
5.942188999999999943e+00,1.389275899999999986e+01
6.005245999999999640e+00,1.390072799999999908e+01
6.066754000000000424e+00,1.392039699999999947e+01
6.129874000000000045e+00,1.395124099999999956e+01
6.156126000000000431e+00,1.398876300000000050e+01
6.175022000000000233e+00,1.402102499999999985e+01
6.213941999999999410e+00,1.404181499999999971e+01
6.263429000000000357e+00,1.405272300000000030e+01
6.332646999999999693e+00,1.403822900000000118e+01
6.398191000000000628e+00,1.401384100000000110e+01
6.447258000000000600e+00,1.398153100000000038e+01
6.480650999999999939e+00,1.395379400000000025e+01
6.488483000000000445e+00,1.392599300000000007e+01
6.500519999999999854e+00,1.389894299999999916e+01
6.518468000000000373e+00,1.387084200000000145e+01
6.543533000000000044e+00,1.385524700000000031e+01
6.564364000000000310e+00,1.384829800000000155e+01
6.563982000000001094e+00,1.384312500000000057e+01
6.563558000000000447e+00,1.385386600000000001e+01
6.560861000000000054e+00,1.386606000000000094e+01
6.557942999999998968e+00,1.387917200000000051e+01
6.571730999999999767e+00,1.388586000000000098e+01
6.584289000000000058e+00,1.386935100000000176e+01
6.585919000000000523e+00,1.381757499999999972e+01
6.583671000000000717e+00,1.377390499999999918e+01
6.581150000000000055e+00,1.375597099999999884e+01
6.588030000000000719e+00,1.375474299999999950e+01
6.614747999999999628e+00,1.376666499999999971e+01
6.658838000000000257e+00,1.378142699999999898e+01
6.688349000000000544e+00,1.378400400000000126e+01
6.705321000000000531e+00,1.377805400000000091e+01
6.694603999999999111e+00,1.379227699999999857e+01
6.693683999999999301e+00,1.380765899999999924e+01
6.691332000000000946e+00,1.383014299999999963e+01
6.695399000000000100e+00,1.384389500000000162e+01
6.721533999999999232e+00,1.385580799999999790e+01
6.738724999999999632e+00,1.382840000000000025e+01
6.792107000000000561e+00,1.374842900000000157e+01
6.842152000000000456e+00,1.366477000000000075e+01
6.849897000000000347e+00,1.360931400000000124e+01
6.825696999999999903e+00,1.357895000000000074e+01
6.811586999999999392e+00,1.355308599999999863e+01
6.846169999999999867e+00,1.355793299999999846e+01
6.931135000000000268e+00,1.360275899999999893e+01
7.003013000000000154e+00,1.360763900000000071e+01
7.094005999999999368e+00,1.361077300000000179e+01
7.136430999999999969e+00,1.359184100000000051e+01
7.161592999999998987e+00,1.356130199999999952e+01
7.114216000000000761e+00,1.352797999999999945e+01
7.020805999999999436e+00,1.340499400000000030e+01
6.951189000000000284e+00,1.332397699999999929e+01
6.905971000000000970e+00,1.325836799999999904e+01
6.925361999999999796e+00,1.318214599999999947e+01
6.947386999999999091e+00,1.316370000000000040e+01
7.005072999999999439e+00,1.315488799999999969e+01
7.088157999999999959e+00,1.316343800000000108e+01
7.176483999999999419e+00,1.318066099999999885e+01
7.227955999999999825e+00,1.318102600000000102e+01
7.247922999999999227e+00,1.315744200000000141e+01
7.232877999999999474e+00,1.312201700000000137e+01
7.201744999999999841e+00,1.310260800000000003e+01
7.177585000000000548e+00,1.310030700000000081e+01
7.164988000000000135e+00,1.312089599999999834e+01
7.154863000000000639e+00,1.313226700000000058e+01
7.160130999999999801e+00,1.312932699999999819e+01
7.182191999999999688e+00,1.313633599999999824e+01
7.213041000000000480e+00,1.313421300000000080e+01
7.252380999999999744e+00,1.314203099999999935e+01
7.292921999999999905e+00,1.317096099999999836e+01
7.334872999999999976e+00,1.316197900000000054e+01
7.370194000000000578e+00,1.316117999999999810e+01
7.399263999999999619e+00,1.313540799999999820e+01
7.411074000000000161e+00,1.313580100000000073e+01
7.418736999999999249e+00,1.314617000000000147e+01
7.431192999999999493e+00,1.315224200000000110e+01
7.433855999999999575e+00,1.314808900000000058e+01
7.471052000000000248e+00,1.313321900000000042e+01
7.476511000000000351e+00,1.309767500000000062e+01
7.475840999999999958e+00,1.304923600000000050e+01
7.463344000000000200e+00,1.302478999999999942e+01
7.452919000000000516e+00,1.301425000000000054e+01
7.468967000000000134e+00,1.301097599999999943e+01
7.498292999999999431e+00,1.300814800000000027e+01
7.518716000000000399e+00,1.300061200000000028e+01
7.529224000000000139e+00,1.298873799999999967e+01
7.523558999999999664e+00,1.298141399999999912e+01
7.513308999999999571e+00,1.298598600000000047e+01
7.487161000000000399e+00,1.298968400000000045e+01
7.468799000000000632e+00,1.299090800000000101e+01
7.472560999999999787e+00,1.299531200000000020e+01
7.496814999999999785e+00,1.298379599999999989e+01
7.508100999999999914e+00,1.294355099999999936e+01
7.511358999999999675e+00,1.292594600000000149e+01
7.507357000000000724e+00,1.292217100000000052e+01
7.506649999999999601e+00,1.293123699999999943e+01
7.523738999999999955e+00,1.294925899999999963e+01
7.547571999999999726e+00,1.296784199999999920e+01
7.567371999999999765e+00,1.298589699999999958e+01
7.573271000000000974e+00,1.301521999999999935e+01
7.579041000000000139e+00,1.304790099999999953e+01
7.578249999999999709e+00,1.309595700000000029e+01
7.563547999999999938e+00,1.314577200000000090e+01
7.566132000000000524e+00,1.317681000000000147e+01
7.571692999999998896e+00,1.318493599999999866e+01
7.561732000000001008e+00,1.317137199999999986e+01
7.583066999999999780e+00,1.313952000000000098e+01
7.583257000000000581e+00,1.310482700000000023e+01
7.591922999999999533e+00,1.308014499999999991e+01
7.597042999999999324e+00,1.306860099999999925e+01
7.600956000000000046e+00,1.305797399999999975e+01
7.623210000000000264e+00,1.305933300000000052e+01
7.650585999999999665e+00,1.307728900000000039e+01
7.685750999999999777e+00,1.306994100000000003e+01
7.708286000000000193e+00,1.307075799999999965e+01
7.709270000000000067e+00,1.307836700000000008e+01
7.692308000000000590e+00,1.309369600000000133e+01
7.675419000000000658e+00,1.310904400000000081e+01
7.655719000000000385e+00,1.312148700000000012e+01
7.652316000000000784e+00,1.312963200000000086e+01
7.662625000000000242e+00,1.312593500000000013e+01
7.696880999999999418e+00,1.314463999999999899e+01
7.728838000000000541e+00,1.314447499999999991e+01
7.733972999999999764e+00,1.314720199999999828e+01
7.742344999999999366e+00,1.314660899999999977e+01
7.745949000000000417e+00,1.315265700000000137e+01
7.763385000000000424e+00,1.315562800000000010e+01
7.798567000000000249e+00,1.316277200000000036e+01
7.836218999999999824e+00,1.315179700000000018e+01
7.845600000000000129e+00,1.312197099999999850e+01
7.822917999999999594e+00,1.313729999999999976e+01
7.823788000000000409e+00,1.316020199999999818e+01
7.823958000000000190e+00,1.320805100000000110e+01
7.786382000000000581e+00,1.327943100000000065e+01
7.780066000000000592e+00,1.331218099999999893e+01
7.797200999999999382e+00,1.331461099999999931e+01
7.825960000000000250e+00,1.332312999999999903e+01
7.854638000000000453e+00,1.332466799999999907e+01
7.868885999999999825e+00,1.330437099999999973e+01
7.861900000000000333e+00,1.327387799999999984e+01
7.877202000000000481e+00,1.327687300000000192e+01
7.851974000000000231e+00,1.327593900000000104e+01
7.842177000000000398e+00,1.328381300000000032e+01
7.886813000000000073e+00,1.330538699999999963e+01
7.962960000000000704e+00,1.331838400000000000e+01
8.038399000000000072e+00,1.334174500000000130e+01
8.123155000000000570e+00,1.334341900000000081e+01
8.209327000000000041e+00,1.331333500000000036e+01
8.267246000000000095e+00,1.330009100000000011e+01
8.331462000000000145e+00,1.328017099999999928e+01
8.368749000000001104e+00,1.324284599999999834e+01
8.385024000000001365e+00,1.320459400000000016e+01
8.401861999999999497e+00,1.316156700000000157e+01
8.395787000000000333e+00,1.312322999999999951e+01
8.389677000000000717e+00,1.308095499999999944e+01
8.392682000000000642e+00,1.305462400000000045e+01
8.399964000000000652e+00,1.303220899999999993e+01
8.399896999999999281e+00,1.299932399999999966e+01
8.472728000000000037e+00,1.295544399999999996e+01
8.574896999999999991e+00,1.291862500000000047e+01
8.651624999999999233e+00,1.291221099999999922e+01
8.707648999999999972e+00,1.292484900000000003e+01
8.713865000000000194e+00,1.297879999999999967e+01
8.762420000000000542e+00,1.306504999999999939e+01
8.788561999999998875e+00,1.313380499999999884e+01
8.851392000000000593e+00,1.318549500000000130e+01
8.941019000000000716e+00,1.319062500000000071e+01
9.027124999999999844e+00,1.317126700000000206e+01
9.088433000000000206e+00,1.312690599999999996e+01
9.046469999999999345e+00,1.328572699999999962e+01
8.984797000000000367e+00,1.340280899999999953e+01
8.955052000000000234e+00,1.344822500000000076e+01
8.954391000000001100e+00,1.345087499999999991e+01
9.006485000000001406e+00,1.341768699999999903e+01
9.047866000000000852e+00,1.337649800000000155e+01
9.078435999999999950e+00,1.333647799999999961e+01
9.081663000000000707e+00,1.331291700000000056e+01
9.048242999999999370e+00,1.328790300000000002e+01
9.014072999999999780e+00,1.325881299999999996e+01
8.982502999999999460e+00,1.323872300000000024e+01
9.003225000000000477e+00,1.330331400000000208e+01
9.070025999999998589e+00,1.332446099999999944e+01
9.134414999999998841e+00,1.328944500000000062e+01
9.202313000000000187e+00,1.326005100000000070e+01
9.261966000000001031e+00,1.324333999999999989e+01
9.300735000000001307e+00,1.320658399999999943e+01
9.339330999999999605e+00,1.319678299999999815e+01
9.382151999999999603e+00,1.321032800000000051e+01
9.404177000000000675e+00,1.323218299999999914e+01
9.401673999999999864e+00,1.326977900000000155e+01
9.375944999999999752e+00,1.332057399999999880e+01
9.372314999999998619e+00,1.334281099999999931e+01
9.355561999999999045e+00,1.340630100000000091e+01
9.342107999999999635e+00,1.341754800000000181e+01
9.311180999999999486e+00,1.346561799999999920e+01
9.308452000000000837e+00,1.346929700000000096e+01
9.350699000000000538e+00,1.345084800000000058e+01
9.343242999999999299e+00,1.344775100000000023e+01
9.331971000000001126e+00,1.344558299999999917e+01
9.297425000000000495e+00,1.344065499999999957e+01
9.278472999999999971e+00,1.341569200000000173e+01
9.301192000000000348e+00,1.340530499999999847e+01
9.337128999999999124e+00,1.339329500000000195e+01
9.352066999999999908e+00,1.340154800000000179e+01
9.337127999999999872e+00,1.344001700000000099e+01
9.305215999999999710e+00,1.347418399999999927e+01
9.282557000000000613e+00,1.351915600000000062e+01
9.302194999999999325e+00,1.357391700000000156e+01
9.345182000000001210e+00,1.361972500000000075e+01
9.377763999999999101e+00,1.363456299999999999e+01
9.412475000000000591e+00,1.365033099999999955e+01
9.437604999999999578e+00,1.364850899999999889e+01
9.443027000000000726e+00,1.364807399999999937e+01
9.450376999999999583e+00,1.369255400000000122e+01
9.460344000000000975e+00,1.374094400000000071e+01
9.476399000000000683e+00,1.374955199999999955e+01
9.517466000000000648e+00,1.375088900000000081e+01
9.581220000000000070e+00,1.375532099999999858e+01
9.598874999999999602e+00,1.373402199999999951e+01
9.566959999999999908e+00,1.367561300000000024e+01
9.580064000000000135e+00,1.363922699999999821e+01
9.554017999999999233e+00,1.363734599999999908e+01
9.510408999999999224e+00,1.359929800000000100e+01
9.436663000000001134e+00,1.354788900000000140e+01
9.348003999999999536e+00,1.347771900000000045e+01
9.267069000000001111e+00,1.339328900000000111e+01
9.218346999999999625e+00,1.331226299999999974e+01
9.205925000000000580e+00,1.326043500000000108e+01
9.199291999999999803e+00,1.320441700000000118e+01
9.173814999999999387e+00,1.311714800000000025e+01
9.119635999999999854e+00,1.302019299999999902e+01
9.139549000000000589e+00,1.293265200000000092e+01
9.186676999999999538e+00,1.291745099999999979e+01
9.211144000000000887e+00,1.286738399999999949e+01
9.248447999999999780e+00,1.284745799999999960e+01
9.239033000000000939e+00,1.281206099999999992e+01
9.220333000000000112e+00,1.278099199999999946e+01
9.205303000000000679e+00,1.276884499999999889e+01
9.214677999999999258e+00,1.274296099999999932e+01
9.239879999999999427e+00,1.261953500000000084e+01
9.206103000000000591e+00,1.258141999999999960e+01
9.225092999999999321e+00,1.253474299999999886e+01
9.180100999999998734e+00,1.250927300000000031e+01
9.125633000000000550e+00,1.249330099999999888e+01
9.131444000000000116e+00,1.245592800000000011e+01
9.185575000000000045e+00,1.246288900000000055e+01
9.245821000000001177e+00,1.247421899999999972e+01
9.266783000000000214e+00,1.249629299999999965e+01
9.246093999999999369e+00,1.251486700000000063e+01
9.198461999999999250e+00,1.252843999999999980e+01
9.223705000000000709e+00,1.258427000000000007e+01
9.213881000000000654e+00,1.258521900000000038e+01
9.195024000000000086e+00,1.260233500000000006e+01
9.205588000000000548e+00,1.261925200000000125e+01
9.196557000000000315e+00,1.260312500000000036e+01
9.181689999999999685e+00,1.249298999999999893e+01
9.148094000000000392e+00,1.244603299999999990e+01
9.165858999999999313e+00,1.243617500000000042e+01
9.166392000000000095e+00,1.246376199999999912e+01
9.189052999999999471e+00,1.253713400000000000e+01
9.226063999999999155e+00,1.257022500000000065e+01
9.290214000000000638e+00,1.259800800000000010e+01
9.367999000000001075e+00,1.264584699999999984e+01
9.410671000000000674e+00,1.267109100000000055e+01
9.422760000000000247e+00,1.266718099999999936e+01
9.388847999999999416e+00,1.267165400000000020e+01
9.431034000000000361e+00,1.272815500000000100e+01
9.421495000000000175e+00,1.273299299999999867e+01
9.397107000000000099e+00,1.272767400000000038e+01
9.390561999999999188e+00,1.269975299999999940e+01
9.372096000000000871e+00,1.266688699999999912e+01
9.377664999999998585e+00,1.263837100000000113e+01
9.407821000000000211e+00,1.256125500000000095e+01
9.522011000000000891e+00,1.251898300000000042e+01
9.567066000000000514e+00,1.259086899999999964e+01
9.561882000000000659e+00,1.258324999999999960e+01
9.547976000000000241e+00,1.260777200000000065e+01
9.526377000000000095e+00,1.263783399999999979e+01
9.515122999999999109e+00,1.262005500000000069e+01
9.538555999999999813e+00,1.260897399999999990e+01
9.573551000000000144e+00,1.261382200000000076e+01
9.572850000000000747e+00,1.260924699999999987e+01
9.576677000000000106e+00,1.260196499999999986e+01
9.571123000000000047e+00,1.258381600000000056e+01
9.593363999999999336e+00,1.260184199999999954e+01
9.635059000000000040e+00,1.263516899999999943e+01
9.671129999999999782e+00,1.263629399999999947e+01
9.763265999999999778e+00,1.263972899999999910e+01
9.873602999999999241e+00,1.260470300000000066e+01
9.992278999999999911e+00,1.258712200000000081e+01
1.006340099999999893e+01,1.257224900000000112e+01
1.007575600000000016e+01,1.260149299999999961e+01
1.006006000000000000e+01,1.262855399999999939e+01
1.004638300000000051e+01,1.267338299999999940e+01
1.003036700000000003e+01,1.271973399999999899e+01
1.003163299999999936e+01,1.266619700000000037e+01
1.002432600000000029e+01,1.267663800000000052e+01
1.002211300000000094e+01,1.261666999999999916e+01
1.001323399999999886e+01,1.256328000000000067e+01
9.999563999999999453e+00,1.253889400000000087e+01
9.964176000000000144e+00,1.253060200000000002e+01
9.975514999999999688e+00,1.251238099999999953e+01
1.002701499999999868e+01,1.253241799999999984e+01
1.006944299999999970e+01,1.252725500000000025e+01
1.008273600000000059e+01,1.251315600000000039e+01
1.005441399999999952e+01,1.251213200000000114e+01
1.005094099999999990e+01,1.254328300000000063e+01
1.006691600000000086e+01,1.254180899999999887e+01
1.006436099999999989e+01,1.252368599999999965e+01
1.009104100000000059e+01,1.252868400000000015e+01
1.009799299999999889e+01,1.251815299999999986e+01
1.006352100000000149e+01,1.242799499999999924e+01
1.006127000000000038e+01,1.239682599999999901e+01
1.005575399999999853e+01,1.238192399999999971e+01
1.001368899999999940e+01,1.238843500000000120e+01
1.002015500000000081e+01,1.234594399999999936e+01
1.007686999999999955e+01,1.231186199999999964e+01
1.014386499999999991e+01,1.227759000000000000e+01
1.018665700000000029e+01,1.224455299999999980e+01
1.018939299999999903e+01,1.220030999999999999e+01
1.021688699999999983e+01,1.214192400000000127e+01
1.023207200000000050e+01,1.212547899999999856e+01
1.019637200000000021e+01,1.209996899999999975e+01
1.015480499999999964e+01,1.214500600000000041e+01
1.009306100000000050e+01,1.222600599999999993e+01
1.003716700000000017e+01,1.220113200000000120e+01
1.005003600000000041e+01,1.215147900000000014e+01
1.006915300000000002e+01,1.210702400000000090e+01
1.009268500000000124e+01,1.208174900000000029e+01
1.012992200000000054e+01,1.205597999999999992e+01
1.015563399999999916e+01,1.193876400000000082e+01
1.008218100000000028e+01,1.189228699999999961e+01
1.013021600000000078e+01,1.186374999999999957e+01
1.014605500000000049e+01,1.187726799999999905e+01
1.010456699999999941e+01,1.191275399999999962e+01
1.008427400000000063e+01,1.194661799999999907e+01
1.010244999999999926e+01,1.196545599999999965e+01
1.013258899999999940e+01,1.198296999999999990e+01
1.015459099999999992e+01,1.199352599999999924e+01
1.016917499999999919e+01,1.198662799999999962e+01
1.017298000000000080e+01,1.196342800000000040e+01
1.017329900000000009e+01,1.200502499999999984e+01
1.024417799999999978e+01,1.204466500000000018e+01
1.029370600000000024e+01,1.198472800000000049e+01
1.034428300000000078e+01,1.199808400000000042e+01
1.033804600000000029e+01,1.201071499999999936e+01
1.031924500000000045e+01,1.195804600000000129e+01
1.028021099999999954e+01,1.196431499999999915e+01
1.026909700000000036e+01,1.198465899999999884e+01
1.024481000000000108e+01,1.203299499999999966e+01
1.020764600000000044e+01,1.202098800000000089e+01
1.023834399999999967e+01,1.197207899999999903e+01
1.027936199999999900e+01,1.192555899999999980e+01
1.026798600000000050e+01,1.188330099999999945e+01
1.023096600000000045e+01,1.186011399999999938e+01
1.017130299999999998e+01,1.183119299999999896e+01
1.019100800000000007e+01,1.186040599999999934e+01
1.024108200000000046e+01,1.186817800000000034e+01
1.026028099999999910e+01,1.185119900000000115e+01
1.030028300000000030e+01,1.186529900000000026e+01
1.032531499999999980e+01,1.186842500000000022e+01
1.034928500000000007e+01,1.187861499999999992e+01
1.036338399999999993e+01,1.190245200000000025e+01
1.038242599999999882e+01,1.191030700000000131e+01
1.039414799999999950e+01,1.184974700000000070e+01
1.033276000000000039e+01,1.185423100000000041e+01
1.034462800000000016e+01,1.181390999999999991e+01
1.036028699999999958e+01,1.177121200000000023e+01
1.035229799999999933e+01,1.176762300000000039e+01
1.032475900000000024e+01,1.178843400000000052e+01
1.029109900000000088e+01,1.180008200000000151e+01
1.030364299999999922e+01,1.181613500000000094e+01
1.034340399999999960e+01,1.182593300000000092e+01
1.036543200000000020e+01,1.181280300000000061e+01
1.035622700000000052e+01,1.180499100000000112e+01
1.030849599999999988e+01,1.177718100000000057e+01
1.027141699999999958e+01,1.174873299999999965e+01
1.031859400000000093e+01,1.174725600000000014e+01
1.031829100000000032e+01,1.171141599999999983e+01
1.033919700000000041e+01,1.173956699999999920e+01
1.037259399999999943e+01,1.170895099999999900e+01
1.042836300000000094e+01,1.165554500000000004e+01
1.049809699999999957e+01,1.161988200000000049e+01
1.051975000000000016e+01,1.158244000000000007e+01
1.053907700000000069e+01,1.153866200000000042e+01
1.056116399999999977e+01,1.143532800000000016e+01
1.056680799999999998e+01,1.133701100000000039e+01
1.057701999999999920e+01,1.128556000000000026e+01
1.055604799999999877e+01,1.127759299999999953e+01
1.053404800000000030e+01,1.127184699999999928e+01
1.050356099999999948e+01,1.128903299999999987e+01
1.047281699999999915e+01,1.133355399999999946e+01
1.046260299999999965e+01,1.136243500000000139e+01
1.047421899999999972e+01,1.137470000000000070e+01
1.048586099999999988e+01,1.136947900000000011e+01
1.047886100000000020e+01,1.133601999999999954e+01
1.045913600000000088e+01,1.129252100000000070e+01
1.042285299999999992e+01,1.127331099999999964e+01
1.036726600000000076e+01,1.126914000000000016e+01
1.038069999999999915e+01,1.130960099999999890e+01
1.044403400000000026e+01,1.131679399999999980e+01
1.047335599999999900e+01,1.132939100000000110e+01
1.044942999999999955e+01,1.132514499999999913e+01
1.039734499999999962e+01,1.129424200000000056e+01
1.037626299999999979e+01,1.128408699999999953e+01
1.035986600000000024e+01,1.126194600000000001e+01
1.034387899999999938e+01,1.121338000000000079e+01
1.035936000000000057e+01,1.116838500000000067e+01
1.038936900000000030e+01,1.109199499999999894e+01
1.035258400000000023e+01,1.100815000000000055e+01
1.029527599999999943e+01,1.103247299999999953e+01
1.028968300000000013e+01,1.102010399999999990e+01
1.028696799999999989e+01,1.099940499999999943e+01
1.028382799999999975e+01,1.101165400000000005e+01
1.030648200000000081e+01,1.099265099999999862e+01
1.032858699999999885e+01,1.096682599999999930e+01
1.032648600000000094e+01,1.098417099999999991e+01
1.029552400000000034e+01,1.100688200000000094e+01
1.025593899999999969e+01,1.102471300000000021e+01
1.022083100000000044e+01,1.103659200000000062e+01
1.022425700000000148e+01,1.104041300000000092e+01
1.025311199999999978e+01,1.103749999999999964e+01
1.026594199999999901e+01,1.099519700000000100e+01
1.025831100000000085e+01,1.096166900000000055e+01
1.026341500000000018e+01,1.094915500000000108e+01
1.025522299999999909e+01,1.092971099999999929e+01
1.025476899999999958e+01,1.091620800000000102e+01
1.028844799999999893e+01,1.090921999999999947e+01
1.031928999999999874e+01,1.092408200000000029e+01
1.032417700000000060e+01,1.090464400000000111e+01
1.031379599999999996e+01,1.086807100000000048e+01
1.028347800000000056e+01,1.084892299999999921e+01
1.027554799999999879e+01,1.087024700000000088e+01
1.030010099999999973e+01,1.087833399999999884e+01
1.031881599999999999e+01,1.091599800000000009e+01
1.030483100000000007e+01,1.093588399999999972e+01
1.028172400000000053e+01,1.094101299999999988e+01
1.026410500000000070e+01,1.089823200000000014e+01
1.025501000000000040e+01,1.083899900000000116e+01
1.026046099999999939e+01,1.080139400000000016e+01
1.025426700000000046e+01,1.075870199999999954e+01
1.025779200000000024e+01,1.072843800000000059e+01
1.028204600000000113e+01,1.070830800000000060e+01
1.036404299999999878e+01,1.073761099999999935e+01
1.040264100000000091e+01,1.075832699999999953e+01
1.041825700000000055e+01,1.077847700000000053e+01
1.043740099999999948e+01,1.078603800000000135e+01
1.045426600000000050e+01,1.077101399999999920e+01
1.046965400000000024e+01,1.075453200000000109e+01
1.048210200000000114e+01,1.071897700000000064e+01
1.050735200000000091e+01,1.065966900000000095e+01
1.054417600000000022e+01,1.054114299999999993e+01
1.050917100000000026e+01,1.042952700000000021e+01
1.043892199999999981e+01,1.043684700000000021e+01
1.041732299999999967e+01,1.045684400000000025e+01
1.043140499999999982e+01,1.046167200000000008e+01
1.045347299999999890e+01,1.049099299999999957e+01
1.047468600000000016e+01,1.049332400000000121e+01
1.049624500000000005e+01,1.047298200000000001e+01
1.051121700000000025e+01,1.046932400000000030e+01
1.049619200000000063e+01,1.048834700000000097e+01
1.045993099999999920e+01,1.051365900000000053e+01
1.042900700000000036e+01,1.053774100000000047e+01
1.040910899999999906e+01,1.054679199999999994e+01
1.041442200000000007e+01,1.054056999999999888e+01
1.042510300000000001e+01,1.053159499999999937e+01
1.044734700000000061e+01,1.051665200000000056e+01
1.046884900000000052e+01,1.049058800000000069e+01
1.050090099999999893e+01,1.050984199999999902e+01
1.052942700000000009e+01,1.051041299999999978e+01
1.055194200000000038e+01,1.050653199999999998e+01
1.057457499999999939e+01,1.050462299999999871e+01
1.058252599999999966e+01,1.051602700000000112e+01
1.057983600000000024e+01,1.053897500000000065e+01
1.058321199999999962e+01,1.056959699999999991e+01
1.058500599999999991e+01,1.059056600000000081e+01
1.058890799999999999e+01,1.059376300000000093e+01
1.057772899999999971e+01,1.059120099999999987e+01
1.056584299999999921e+01,1.057815500000000064e+01
1.056068800000000074e+01,1.055161999999999978e+01
1.054029199999999911e+01,1.051870500000000064e+01
1.052355799999999952e+01,1.046391199999999877e+01
1.051987399999999973e+01,1.043451699999999960e+01
1.052937000000000012e+01,1.042858900000000055e+01
1.056339100000000109e+01,1.043688200000000066e+01
1.059571799999999975e+01,1.043125599999999942e+01
1.062728099999999998e+01,1.042661499999999997e+01
1.062776099999999957e+01,1.044579799999999992e+01
1.058752199999999988e+01,1.047380399999999945e+01
1.056014900000000090e+01,1.050174900000000022e+01
1.055238699999999952e+01,1.049155799999999950e+01
1.054954900000000073e+01,1.048451799999999956e+01
1.055726100000000045e+01,1.048231099999999927e+01
1.058624000000000009e+01,1.049526200000000031e+01
1.059720000000000084e+01,1.050127699999999997e+01
1.060089299999999923e+01,1.050536400000000015e+01
1.059111599999999953e+01,1.050098099999999945e+01
1.062625399999999942e+01,1.052767899999999912e+01
1.066783599999999943e+01,1.052022400000000069e+01
1.071478000000000108e+01,1.053726400000000041e+01
1.076597899999999974e+01,1.053161300000000011e+01
1.082422299999999993e+01,1.053809500000000021e+01
1.090619900000000086e+01,1.049557599999999979e+01
1.089970300000000059e+01,1.042603899999999939e+01
1.092172700000000063e+01,1.040266100000000016e+01
1.092099600000000059e+01,1.039864400000000089e+01
1.088185200000000030e+01,1.044880200000000059e+01
1.088880099999999906e+01,1.043698800000000126e+01
1.095462899999999884e+01,1.038645599999999902e+01
1.104307999999999979e+01,1.034071300000000093e+01
1.108787700000000065e+01,1.030452599999999919e+01
1.108552200000000099e+01,1.027681399999999989e+01
1.107447100000000084e+01,1.025330300000000072e+01
1.110490500000000047e+01,1.028713699999999953e+01
1.117408000000000001e+01,1.032081400000000038e+01
1.118395700000000126e+01,1.033069600000000143e+01
1.114348599999999934e+01,1.034728999999999921e+01
1.109713800000000106e+01,1.028562200000000004e+01
1.103064700000000009e+01,1.024972400000000050e+01
1.105065899999999957e+01,1.023224299999999864e+01
1.105751000000000062e+01,1.026990499999999962e+01
1.105674600000000041e+01,1.026969600000000149e+01
1.107426000000000066e+01,1.021540700000000079e+01
1.111866000000000021e+01,1.017616000000000120e+01
1.113859399999999944e+01,1.015391400000000033e+01
1.111904000000000003e+01,1.013243300000000069e+01
1.109834099999999957e+01,1.009996699999999947e+01
1.108384299999999989e+01,1.006129699999999971e+01
1.113216499999999876e+01,1.008307499999999912e+01
1.113393400000000000e+01,1.006360500000000080e+01
1.112083699999999986e+01,1.007384399999999935e+01
1.112955000000000005e+01,1.009602199999999961e+01
