-2.032424000000000230e+00,1.551759000000000022e+01
-2.594594999999999985e+00,1.782799899999999838e+01
-2.887620000000000076e+00,1.878326000000000207e+01
-3.135248999999999953e+00,1.955674700000000144e+01
-3.270366000000000106e+00,2.009981300000000104e+01
-3.267678000000000083e+00,2.050429899999999961e+01
-3.154649000000000036e+00,2.078990399999999994e+01
-3.015203000000000078e+00,2.109588600000000014e+01
-2.870008000000000337e+00,2.139116500000000087e+01
-2.802583999999999964e+00,2.154670499999999933e+01
-2.709686999999999735e+00,2.196258399999999966e+01
-2.621312000000000086e+00,2.242889599999999817e+01
-2.557903000000000038e+00,2.294865599999999972e+01
-2.543856000000000339e+00,2.350768500000000216e+01
-2.541891000000000123e+00,2.400727699999999842e+01
-2.601595999999999798e+00,2.434147799999999862e+01
-2.698653999999999886e+00,2.435924500000000137e+01
-2.790731999999999768e+00,2.410990899999999826e+01
-2.881716999999999640e+00,2.357632600000000167e+01
-2.908175999999999650e+00,2.278003299999999953e+01
-2.812916999999999668e+00,2.165337000000000245e+01
-2.593437999999999910e+00,2.007734500000000111e+01
-2.262109000000000147e+00,1.807356599999999958e+01
-1.808495999999999881e+00,1.556412999999999869e+01
-1.211646000000000001e+00,1.251008299999999984e+01
-4.279520000000000546e-01,8.736518999999999480e+00
5.235800000000000454e-01,3.992170999999999914e+00
1.726852000000000054e+00,-2.072891999999999957e+00
3.198390999999999984e+00,-9.525096000000001339e+00
4.706265000000000143e+00,-1.739159000000000077e+01
5.752227999999999675e+00,-2.442258800000000107e+01
6.228539999999999743e+00,-2.870726799999999912e+01
6.033502999999999616e+00,-3.078275300000000314e+01
5.569306000000000090e+00,-3.222693600000000202e+01
5.114190999999999931e+00,-3.308074600000000487e+01
4.843747000000000469e+00,-3.328665900000000022e+01
4.899083999999999328e+00,-3.312223400000000595e+01
5.225408999999999970e+00,-3.287132600000000338e+01
5.578104999999999869e+00,-3.255580100000000243e+01
5.811939999999999884e+00,-3.234922000000000253e+01
5.839421999999999890e+00,-3.234062999999999732e+01
5.549493000000000009e+00,-3.256577300000000008e+01
4.912933999999999912e+00,-3.296324200000000104e+01
3.942741000000000273e+00,-3.328531300000000215e+01
2.741352000000000011e+00,-3.347128299999999967e+01
1.403079999999999883e+00,-3.360514500000000027e+01
4.806200000000000055e-02,-3.361761500000000069e+01
-1.305798999999999932e+00,-3.343240399999999823e+01
-2.688150999999999957e+00,-3.311785100000000170e+01
-4.197162999999999755e+00,-3.267443800000000209e+01
-5.924394000000000382e+00,-3.201213500000000067e+01
-7.965561999999999365e+00,-3.121002000000000010e+01
-1.005665300000000073e+01,-3.039742100000000136e+01
-1.192339899999999986e+01,-2.966371200000000030e+01
-1.351160499999999942e+01,-2.876219199999999887e+01
-1.485422200000000004e+01,-2.740753600000000034e+01
-1.611419500000000227e+01,-2.566583999999999932e+01
-1.717387799999999842e+01,-2.394294200000000217e+01
-1.814481499999999770e+01,-2.234465000000000146e+01
-1.898761599999999916e+01,-2.066723400000000055e+01
-1.983720399999999984e+01,-1.890424900000000008e+01
-2.072655899999999818e+01,-1.689205600000000018e+01
-2.154038399999999953e+01,-1.485108400000000017e+01
-2.223715799999999732e+01,-1.307468899999999934e+01
-2.279936599999999913e+01,-1.181792800000000021e+01
-2.321145199999999775e+01,-1.114407299999999879e+01
-2.347567000000000093e+01,-1.113890099999999883e+01
-2.360865199999999930e+01,-1.203697799999999951e+01
-2.379021099999999933e+01,-1.369635599999999975e+01
-2.441185199999999966e+01,-1.571648800000000001e+01
-2.555370299999999872e+01,-1.779238699999999795e+01
-2.704342299999999710e+01,-1.973903999999999925e+01
-2.878054000000000201e+01,-2.133329800000000276e+01
-3.054436099999999854e+01,-2.245384599999999864e+01
-3.211992300000000000e+01,-2.324725000000000108e+01
-3.346815099999999887e+01,-2.383901400000000237e+01
-3.456610900000000441e+01,-2.426480700000000112e+01
-3.545891999999999911e+01,-2.455828100000000092e+01
-3.620484199999999930e+01,-2.477058200000000099e+01
-3.690123400000000231e+01,-2.491046300000000002e+01
-3.750906400000000218e+01,-2.501337999999999795e+01
-3.801339300000000065e+01,-2.516052200000000028e+01
-3.836077099999999973e+01,-2.523868900000000082e+01
-3.860349699999999729e+01,-2.532671500000000009e+01
-3.886278499999999525e+01,-2.543017000000000039e+01
-3.921529799999999710e+01,-2.557383199999999945e+01
-3.965818000000000154e+01,-2.583757400000000004e+01
-4.014088100000000026e+01,-2.615284300000000073e+01
-4.062917699999999854e+01,-2.645537800000000317e+01
-4.104341099999999898e+01,-2.668931800000000010e+01
-4.135184100000000029e+01,-2.687909699999999802e+01
-4.155378300000000280e+01,-2.701643800000000084e+01
-4.165939300000000145e+01,-2.711719300000000032e+01
-4.171417999999999893e+01,-2.720129400000000075e+01
-4.173606900000000053e+01,-2.722363900000000214e+01
-4.174574299999999738e+01,-2.726566500000000204e+01
-4.175125100000000344e+01,-2.730709799999999987e+01
-4.170438400000000456e+01,-2.736973599999999962e+01
-4.156734799999999552e+01,-2.743862899999999883e+01
-4.136416599999999733e+01,-2.751011099999999843e+01
-4.115234399999999937e+01,-2.761624099999999871e+01
-4.100994899999999888e+01,-2.769395999999999702e+01
-4.093054999999999666e+01,-2.781488799999999983e+01
-4.086157999999999646e+01,-2.797347800000000362e+01
-4.076617399999999947e+01,-2.821779600000000343e+01
-4.069058199999999914e+01,-2.836869600000000347e+01
-4.062930300000000017e+01,-2.856404500000000013e+01
-4.042225999999999431e+01,-2.876877600000000257e+01
-4.005129600000000067e+01,-2.892413099999999915e+01
-3.950975800000000504e+01,-2.903123900000000290e+01
-3.898002199999999817e+01,-2.900207299999999933e+01
-3.867207700000000159e+01,-2.890835999999999828e+01
-3.890016599999999869e+01,-2.880761299999999991e+01
-4.015898899999999827e+01,-2.863750800000000041e+01
-4.319382499999999681e+01,-2.846039199999999880e+01
-4.819312999999999647e+01,-2.822681199999999890e+01
-5.431115300000000445e+01,-2.808415999999999713e+01
-6.050994899999999888e+01,-2.817634400000000028e+01
-6.596698800000000062e+01,-2.839848100000000031e+01
-7.043022200000000055e+01,-2.858619299999999797e+01
-7.393541000000000452e+01,-2.870242500000000163e+01
-7.651013899999999524e+01,-2.879926299999999983e+01
-7.844174200000000496e+01,-2.876226799999999884e+01
-8.006434600000000046e+01,-2.861102500000000148e+01
-8.160007500000000391e+01,-2.832160000000000011e+01
-8.311300699999999608e+01,-2.793867899999999693e+01
-8.472539499999999180e+01,-2.753747899999999760e+01
-8.654013799999999890e+01,-2.717830999999999619e+01
-8.870397199999999316e+01,-2.672005999999999659e+01
-9.129358700000000226e+01,-2.603702399999999884e+01
-9.387075000000000102e+01,-2.524922600000000017e+01
-9.595111800000000812e+01,-2.444732499999999931e+01
-9.746977199999999186e+01,-2.378033100000000033e+01
-9.872171000000000163e+01,-2.314198299999999975e+01
-1.001209640000000007e+02,-2.240815699999999921e+01
-1.016214219999999955e+02,-2.119833799999999968e+01
-1.031350560000000058e+02,-1.975180199999999786e+01
-1.045598219999999969e+02,-1.844242300000000157e+01
-1.059478840000000019e+02,-1.724645999999999901e+01
-1.074946060000000045e+02,-1.608516300000000143e+01
-1.093462139999999891e+02,-1.512036499999999961e+01
-1.115991970000000038e+02,-1.454144899999999829e+01
-1.140922240000000016e+02,-1.403282800000000030e+01
-1.167283550000000076e+02,-1.377324599999999855e+01
-1.194293979999999920e+02,-1.375745700000000049e+01
-1.220663760000000053e+02,-1.402813200000000116e+01
-1.244713439999999878e+02,-1.429036600000000057e+01
-1.265625000000000000e+02,-1.428138500000000022e+01
-1.285323789999999917e+02,-1.412994100000000053e+01
-1.305158389999999997e+02,-1.395656600000000047e+01
-1.323712309999999945e+02,-1.380125400000000013e+01
-1.339205320000000086e+02,-1.359978699999999918e+01
-1.351828459999999836e+02,-1.337485299999999988e+01
-1.366343379999999854e+02,-1.326261500000000026e+01
-1.386387939999999901e+02,-1.333435199999999909e+01
-1.411352689999999939e+02,-1.352102200000000032e+01
-1.438250580000000127e+02,-1.381443299999999930e+01
-1.464772800000000075e+02,-1.428295100000000062e+01
-1.489083709999999883e+02,-1.497840700000000069e+01
-1.510392760000000010e+02,-1.591190300000000057e+01
-1.528154749999999922e+02,-1.710626200000000097e+01
-1.543143310000000099e+02,-1.874024800000000113e+01
-1.557314300000000173e+02,-2.073775099999999938e+01
-1.571347199999999873e+02,-2.289272700000000071e+01
-1.585384370000000160e+02,-2.514478900000000294e+01
-1.597752689999999802e+02,-2.691213600000000028e+01
-1.607798159999999825e+02,-2.760885599999999940e+01
-1.619244379999999808e+02,-2.770195800000000119e+01
-1.631062159999999892e+02,-2.795477299999999943e+01
-1.642859190000000069e+02,-2.832543900000000292e+01
-1.655580290000000048e+02,-2.867628699999999853e+01
-1.668880770000000098e+02,-2.902384899999999845e+01
-1.683388520000000028e+02,-2.948129699999999787e+01
-1.698946840000000122e+02,-3.011772000000000205e+01
-1.715425869999999975e+02,-3.084588099999999855e+01
-1.733584749999999985e+02,-3.170520200000000344e+01
-1.751194000000000131e+02,-3.300973100000000215e+01
-1.765884860000000174e+02,-3.498664899999999989e+01
-1.773907780000000116e+02,-3.774134799999999501e+01
-1.773295139999999890e+02,-4.122473499999999547e+01
-1.768493190000000084e+02,-4.494116199999999850e+01
-1.763912809999999922e+02,-4.836597800000000547e+01
-1.765134580000000142e+02,-5.102158400000000427e+01
-1.772436069999999972e+02,-5.330065500000000611e+01
-1.785216369999999984e+02,-5.504534100000000052e+01
1.798443149999999946e+02,-5.593625999999999721e+01
1.782242740000000083e+02,-5.613939699999999533e+01
1.765030209999999897e+02,-5.569856999999999658e+01
1.743574830000000020e+02,-5.484643599999999708e+01
1.716256100000000231e+02,-5.385488900000000001e+01
1.687838590000000067e+02,-5.294911600000000362e+01
1.662284850000000063e+02,-5.234516500000000150e+01
1.642819369999999992e+02,-5.195279699999999679e+01
1.628918909999999869e+02,-5.149562099999999987e+01
1.619461060000000145e+02,-5.088118699999999706e+01
1.614946899999999914e+02,-4.968445599999999729e+01
1.611078029999999899e+02,-4.706576900000000308e+01
1.608701780000000099e+02,-4.320280100000000090e+01
1.614441219999999930e+02,-3.908799699999999433e+01
1.622448879999999747e+02,-3.721929899999999947e+01
1.620761109999999974e+02,-3.644932599999999923e+01
1.606659389999999803e+02,-3.567754399999999748e+01
1.581368870000000015e+02,-3.479954899999999895e+01
1.559762729999999920e+02,-3.380991699999999867e+01
1.549875790000000109e+02,-3.254240000000000066e+01
1.546091460000000097e+02,-3.107513799999999904e+01
1.541424710000000005e+02,-2.993462899999999749e+01
1.533278810000000192e+02,-2.926523800000000008e+01
1.523027800000000127e+02,-2.852783200000000008e+01
1.511096499999999878e+02,-2.771617499999999978e+01
1.499826050000000066e+02,-2.672108300000000014e+01
1.488067320000000109e+02,-2.566825700000000055e+01
1.476289669999999887e+02,-2.459533300000000011e+01
1.463627469999999846e+02,-2.355866599999999877e+01
1.450882110000000011e+02,-2.242671400000000048e+01
1.438142239999999958e+02,-2.139045700000000139e+01
1.424558870000000184e+02,-2.049719200000000185e+01
1.412268219999999985e+02,-1.951353999999999900e+01
1.400858760000000132e+02,-1.860582699999999789e+01
1.389384310000000085e+02,-1.761975699999999989e+01
1.377338709999999935e+02,-1.663909500000000108e+01
1.365916899999999998e+02,-1.546670100000000048e+01
1.355426030000000139e+02,-1.421997200000000028e+01
1.346380159999999933e+02,-1.305194400000000066e+01
1.339058840000000146e+02,-1.181306999999999974e+01
1.332317199999999957e+02,-1.036469100000000054e+01
1.326158289999999909e+02,-8.826785000000000991e+00
1.319107209999999952e+02,-7.134853999999998919e+00
1.311920620000000213e+02,-5.518559999999999910e+00
1.305191039999999987e+02,-4.099815000000000431e+00
1.299803919999999948e+02,-2.979894999999999960e+00
1.296219480000000033e+02,-2.124950000000000117e+00
1.294880679999999984e+02,-1.304300000000000015e+00
1.294880070000000103e+02,-3.583159999999999679e-01
1.295123600000000010e+02,5.891009999999999858e-01
1.295747379999999964e+02,1.324887000000000148e+00
1.297153169999999989e+02,1.795671000000000017e+00
1.298125919999999951e+02,1.921584999999999877e+00
1.298101810000000000e+02,1.500289999999999901e+00
1.298179169999999942e+02,2.725540000000000185e-01
1.299376530000000116e+02,-1.920977999999999852e+00
1.302100220000000093e+02,-5.192530999999999786e+00
1.305827030000000093e+02,-9.346528999999998533e+00
1.310695949999999925e+02,-1.365563699999999869e+01
1.316493230000000096e+02,-1.745142600000000144e+01
1.325351719999999887e+02,-2.135141400000000189e+01
1.338788449999999841e+02,-2.565353200000000200e+01
1.355741270000000043e+02,-2.984183300000000116e+01
1.374010159999999985e+02,-3.332606099999999572e+01
1.393304899999999975e+02,-3.649992400000000004e+01
1.413412629999999979e+02,-3.947433099999999939e+01
1.435676569999999970e+02,-4.228867299999999574e+01
1.458234099999999955e+02,-4.510888299999999873e+01
1.480668029999999931e+02,-4.787476300000000151e+01
1.503263090000000091e+02,-5.037916899999999742e+01
1.526934510000000103e+02,-5.254631800000000652e+01
1.548493649999999775e+02,-5.414753299999999570e+01
1.566243589999999983e+02,-5.548609200000000641e+01
1.577066039999999987e+02,-5.670778299999999916e+01
1.582473750000000052e+02,-5.753946299999999781e+01
1.584355009999999879e+02,-5.783386999999999745e+01
1.587548679999999877e+02,-5.763636800000000449e+01
1.595204620000000091e+02,-5.704354499999999462e+01
1.607890170000000012e+02,-5.630117399999999606e+01
1.624240419999999858e+02,-5.548913600000000201e+01
1.643360289999999964e+02,-5.490855799999999931e+01
1.664044949999999972e+02,-5.445657700000000290e+01
1.686676329999999950e+02,-5.396028100000000904e+01
1.713411409999999933e+02,-5.330541600000000102e+01
1.744936519999999973e+02,-5.231876400000000160e+01
1.781255950000000041e+02,-5.103049099999999783e+01
-1.780274510000000134e+02,-4.938439199999999829e+01
-1.740439910000000054e+02,-4.736819500000000005e+01
-1.702413180000000068e+02,-4.495675999999999561e+01
-1.664592590000000030e+02,-4.242415199999999942e+01
-1.623118899999999769e+02,-3.999642899999999912e+01
-1.576459049999999991e+02,-3.765800499999999573e+01
-1.524235529999999983e+02,-3.531649799999999573e+01
-1.465767519999999990e+02,-3.259102199999999527e+01
-1.397658539999999903e+02,-2.911727499999999935e+01
-1.324508669999999881e+02,-2.523881499999999889e+01
-1.257542189999999920e+02,-2.150409700000000157e+01
-1.196834110000000067e+02,-1.782397300000000229e+01
-1.142400820000000010e+02,-1.421217500000000022e+01
-1.088255159999999933e+02,-1.063835000000000086e+01
-1.033973849999999999e+02,-7.140983999999999554e+00
-9.787137599999999793e+01,-4.027680000000000149e+00
-9.257426499999999692e+01,-1.066554999999999920e+00
-8.789588899999999683e+01,2.244506000000000334e+00
-8.382038100000001180e+01,6.082101000000000646e+00
-7.960057799999999872e+01,9.647936999999998875e+00
-7.521434800000000109e+01,1.291986999999999952e+01
-7.076991999999999905e+01,1.578756499999999896e+01
-6.645120199999999500e+01,1.842034899999999809e+01
-6.252135799999999932e+01,2.069721000000000188e+01
-5.919643000000000654e+01,2.244352699999999956e+01
-5.651367199999999968e+01,2.373928499999999886e+01
-5.459026300000000020e+01,2.472804999999999964e+01
-5.337826199999999943e+01,2.555243700000000118e+01
-5.273148299999999722e+01,2.616208500000000114e+01
-5.214349399999999690e+01,2.562505100000000269e+01
-5.109350200000000086e+01,2.359817900000000179e+01
-4.986162900000000064e+01,2.032851199999999992e+01
-4.886159099999999711e+01,1.605816099999999835e+01
-4.833377099999999871e+01,1.085440399999999883e+01
-4.875620999999999583e+01,4.941602999999999746e+00
-4.968624899999999656e+01,-1.117105999999999932e+00
-5.086619900000000172e+01,-5.788151999999999298e+00
-5.201981699999999620e+01,-8.479692000000000007e+00
-5.308274799999999516e+01,-9.887909000000000503e+00
-5.362631199999999865e+01,-1.101903599999999983e+01
-5.403682700000000239e+01,-1.186626300000000001e+01
-5.448400500000000335e+01,-1.226154200000000039e+01
-5.492268800000000084e+01,-1.251193999999999917e+01
-5.517727700000000368e+01,-1.315777999999999892e+01
-5.549255000000000138e+01,-1.411202800000000046e+01
-5.607114800000000088e+01,-1.493420599999999965e+01
-5.684675200000000217e+01,-1.535251700000000064e+01
-5.765666199999999719e+01,-1.546272000000000091e+01
-5.850414300000000623e+01,-1.546874800000000150e+01
-5.932990999999999815e+01,-1.555207399999999929e+01
-6.016282299999999594e+01,-1.576185700000000089e+01
-6.091810999999999865e+01,-1.600108699999999828e+01
-6.160728499999999741e+01,-1.610361099999999723e+01
-6.232828100000000404e+01,-1.621421099999999882e+01
-6.305427600000000155e+01,-1.651832200000000128e+01
-6.364924599999999799e+01,-1.692147300000000243e+01
-6.392094000000000165e+01,-1.725240100000000254e+01
-6.379741700000000293e+01,-1.751522100000000037e+01
-6.328228399999999709e+01,-1.756601099999999960e+01
-6.252310200000000151e+01,-1.751772300000000016e+01
-6.163199200000000388e+01,-1.730199999999999960e+01
-6.076355000000000217e+01,-1.688706000000000174e+01
-5.992989000000000033e+01,-1.650884200000000135e+01
-5.920743199999999717e+01,-1.642601200000000006e+01
-5.827344100000000537e+01,-1.667120600000000152e+01
-5.714367700000000383e+01,-1.678458200000000033e+01
-5.609773299999999807e+01,-1.670865600000000128e+01
-5.529270899999999500e+01,-1.644495600000000124e+01
-5.474644499999999425e+01,-1.604567699999999775e+01
-5.433703199999999356e+01,-1.558494899999999994e+01
-5.392026099999999644e+01,-1.514789299999999983e+01
-5.343516899999999481e+01,-1.463638599999999812e+01
-5.286950699999999159e+01,-1.408617800000000031e+01
-5.237449300000000108e+01,-1.363410700000000020e+01
-5.193241499999999888e+01,-1.332163999999999859e+01
-5.155277600000000149e+01,-1.332764800000000172e+01
-5.146097899999999470e+01,-1.386570100000000139e+01
-5.160709800000000058e+01,-1.459366799999999920e+01
-5.181655100000000402e+01,-1.508114999999999917e+01
-5.207840699999999856e+01,-1.538238900000000164e+01
-5.232786899999999974e+01,-1.566665599999999969e+01
-5.253481700000000387e+01,-1.588929700000000089e+01
-5.265250799999999742e+01,-1.600603500000000068e+01
-5.267941700000000083e+01,-1.608477399999999946e+01
-5.261686700000000627e+01,-1.609622200000000092e+01
-5.249759300000000195e+01,-1.620414200000000093e+01
-5.235393900000000400e+01,-1.634363199999999949e+01
-5.215308399999999978e+01,-1.668646799999999786e+01
-5.197846599999999739e+01,-1.697584499999999963e+01
-5.182033500000000004e+01,-1.714685100000000162e+01
-5.174433900000000364e+01,-1.716372699999999796e+01
-5.179772200000000026e+01,-1.725785400000000180e+01
-5.194777299999999798e+01,-1.731601900000000072e+01
-5.214074699999999751e+01,-1.735776900000000111e+01
-5.232562999999999676e+01,-1.730167199999999994e+01
-5.250641999999999854e+01,-1.715619500000000031e+01
-5.264153699999999958e+01,-1.709041200000000060e+01
-5.270823299999999278e+01,-1.707615499999999997e+01
-5.269640699999999356e+01,-1.706259299999999968e+01
-5.264599200000000678e+01,-1.712743000000000038e+01
-5.259685100000000091e+01,-1.719910600000000045e+01
-5.256998800000000216e+01,-1.732574299999999923e+01
-5.253073900000000407e+01,-1.748206300000000013e+01
-5.247073000000000320e+01,-1.763826800000000006e+01
-5.239493600000000129e+01,-1.781040799999999891e+01
-5.228652600000000206e+01,-1.794152300000000011e+01
-5.213558599999999643e+01,-1.801457399999999964e+01
-5.197360199999999963e+01,-1.805553199999999947e+01
-5.181185900000000544e+01,-1.814366099999999804e+01
-5.167479300000000109e+01,-1.824307400000000001e+01
-5.158107000000000397e+01,-1.835592499999999916e+01
-5.153445100000000423e+01,-1.846960599999999886e+01
-5.133130300000000545e+01,-1.849469399999999908e+01
-5.005322999999999922e+01,-1.839153100000000052e+01
-4.714826599999999956e+01,-1.854556099999999930e+01
-4.257969699999999591e+01,-1.883039899999999989e+01
-3.682560300000000097e+01,-1.910579699999999903e+01
-3.100177000000000049e+01,-1.941283599999999865e+01
-2.600847200000000115e+01,-1.959067300000000245e+01
-2.248555599999999899e+01,-1.935976000000000141e+01
-2.047051799999999844e+01,-1.890398599999999973e+01
-1.960641499999999837e+01,-1.855172300000000263e+01
-1.936966299999999919e+01,-1.839714599999999933e+01
-1.935929499999999948e+01,-1.832531200000000027e+01
-1.924589699999999937e+01,-1.809742500000000121e+01
-1.877546700000000257e+01,-1.752186599999999927e+01
-1.820432500000000076e+01,-1.632026300000000063e+01
-1.784052699999999803e+01,-1.425905100000000125e+01
-1.790303199999999961e+01,-1.158600200000000058e+01
-1.822524599999999850e+01,-8.906533999999998841e+00
-1.868993599999999944e+01,-6.512468000000000146e+00
-1.906941400000000186e+01,-4.839547000000000487e+00
-1.935026200000000074e+01,-3.995254000000000083e+00
-1.964718200000000081e+01,-4.233528999999999876e+00
-2.024459599999999782e+01,-5.641011999999999915e+00
-2.150867099999999965e+01,-7.742053000000000296e+00
-2.368368900000000110e+01,-1.032705299999999937e+01
-2.671763400000000388e+01,-1.262173699999999954e+01
-3.025301199999999824e+01,-1.428549800000000047e+01
-3.407025499999999596e+01,-1.526156300000000066e+01
-3.792258799999999752e+01,-1.572610100000000166e+01
-4.119603000000000037e+01,-1.609791600000000145e+01
-4.358471300000000070e+01,-1.647061700000000073e+01
-4.507028199999999885e+01,-1.698062699999999836e+01
-4.574222199999999816e+01,-1.747974400000000017e+01
-4.588164499999999890e+01,-1.788115300000000119e+01
-4.571166999999999803e+01,-1.821674900000000008e+01
-4.541088500000000039e+01,-1.846368200000000215e+01
-4.511917499999999848e+01,-1.876624100000000084e+01
-4.494084199999999640e+01,-1.909971799999999931e+01
-4.499620800000000287e+01,-1.948640100000000075e+01
-4.513685200000000464e+01,-1.980036899999999989e+01
-4.543288400000000138e+01,-1.989769000000000077e+01
-4.625807199999999852e+01,-2.018974500000000205e+01
-4.733430500000000052e+01,-2.061109700000000089e+01
-4.846823499999999996e+01,-2.092669700000000077e+01
-4.944699899999999815e+01,-2.110662100000000052e+01
-5.016017899999999941e+01,-2.116039999999999921e+01
-5.061313599999999724e+01,-2.117259400000000014e+01
-5.090969799999999879e+01,-2.116775900000000021e+01
-5.119964199999999721e+01,-2.112395700000000076e+01
-5.183132200000000012e+01,-2.107776499999999942e+01
-5.280667900000000259e+01,-2.114279700000000162e+01
-5.385828000000000770e+01,-2.113035199999999847e+01
-5.477377299999999849e+01,-2.114074899999999957e+01
-5.544609799999999922e+01,-2.111254899999999779e+01
-5.591839200000000432e+01,-2.104966900000000152e+01
-5.619897499999999724e+01,-2.094226099999999846e+01
-5.631042099999999806e+01,-2.087750600000000034e+01
-5.625205199999999905e+01,-2.084442900000000165e+01
-5.607350200000000484e+01,-2.079704100000000011e+01
-5.571258499999999714e+01,-2.077203199999999939e+01
-5.519142199999999576e+01,-2.080593900000000218e+01
-5.457542399999999816e+01,-2.090473400000000126e+01
-5.393162499999999682e+01,-2.100181600000000159e+01
-5.321475600000000838e+01,-2.104862800000000078e+01
-5.243430299999999988e+01,-2.102731499999999798e+01
-5.146832299999999805e+01,-2.087822200000000095e+01
-4.983066199999999668e+01,-2.066262199999999893e+01
-4.648417700000000252e+01,-2.013331200000000010e+01
-4.185202400000000011e+01,-1.825218200000000124e+01
-3.807425700000000290e+01,-1.475625900000000001e+01
-3.587090700000000254e+01,-1.077549899999999994e+01
-3.542120399999999592e+01,-6.896636999999999240e+00
-3.636418900000000320e+01,-3.383691999999999922e+00
-3.828930700000000087e+01,-8.759700000000000819e-02
-4.061932399999999888e+01,3.292297000000000029e+00
-4.305876200000000154e+01,6.865319000000000393e+00
-4.553764300000000276e+01,1.062490000000000023e+01
-4.793160200000000515e+01,1.394560199999999917e+01
-5.002185800000000171e+01,1.656782899999999970e+01
-5.168300599999999889e+01,1.861990700000000132e+01
-5.284698900000000066e+01,2.030871600000000043e+01
-5.368974699999999700e+01,2.180486099999999894e+01
-5.427434200000000430e+01,2.307779299999999978e+01
-5.465152400000000199e+01,2.421281199999999956e+01
-5.480743799999999766e+01,2.506040799999999891e+01
-5.460296600000000211e+01,2.582857900000000129e+01
-5.393755000000000166e+01,2.655557100000000048e+01
-5.318843499999999835e+01,2.733127999999999957e+01
-5.261919399999999314e+01,2.820750599999999864e+01
-5.230599600000000038e+01,2.904580900000000199e+01
-5.221549199999999757e+01,2.986448900000000251e+01
-5.226915400000000034e+01,3.056819699999999784e+01
-5.236144999999999783e+01,3.110022499999999823e+01
-5.234746200000000016e+01,3.143429400000000129e+01
-5.203225700000000131e+01,3.162472500000000153e+01
-5.108653599999999528e+01,3.141670399999999930e+01
-4.922223699999999980e+01,3.062460100000000196e+01
-4.612752199999999903e+01,2.895181500000000341e+01
-4.193932000000000215e+01,2.619701400000000291e+01
-3.698711399999999827e+01,2.277347600000000227e+01
-3.173422599999999960e+01,1.891063299999999714e+01
-2.676792100000000119e+01,1.526719599999999843e+01
-2.278053500000000042e+01,1.206852899999999984e+01
-2.012773500000000126e+01,8.428527000000000768e+00
-1.843854299999999924e+01,4.229765000000000441e+00
-1.709586300000000136e+01,1.531470000000000053e-01
-1.596013100000000051e+01,-3.254541000000000128e+00
-1.489544899999999927e+01,-6.367561000000000249e+00
-1.403193699999999922e+01,-9.497291999999999845e+00
-1.322279500000000141e+01,-1.229000599999999999e+01
-1.249601700000000015e+01,-1.496487099999999870e+01
-1.171649099999999954e+01,-1.735102499999999992e+01
-1.089833300000000094e+01,-1.970165100000000180e+01
-9.795071000000000083e+00,-2.200899899999999931e+01
-8.518428999999999363e+00,-2.431570199999999815e+01
-7.258372999999999742e+00,-2.623902500000000160e+01
-6.355991000000000390e+00,-2.785192100000000082e+01
-5.926858000000000182e+00,-2.914949799999999769e+01
-5.873998999999999526e+00,-3.044781500000000207e+01
-5.961466000000000598e+00,-3.150362000000000151e+01
-5.979928000000000132e+00,-3.241181599999999463e+01
-5.560183999999999571e+00,-3.333063500000000090e+01
-4.832105999999999568e+00,-3.455817400000000106e+01
-3.803047000000000288e+00,-3.602799199999999757e+01
-2.786166000000000142e+00,-3.769802100000000422e+01
-2.005956999999999990e+00,-3.918709199999999981e+01
-1.676609999999999934e+00,-4.036442600000000169e+01
-1.734618999999999911e+00,-4.116657599999999917e+01
-1.953390000000000182e+00,-4.167591099999999926e+01
-2.081391999999999687e+00,-4.198954400000000220e+01
-1.874587000000000003e+00,-4.219248599999999527e+01
-1.236223999999999990e+00,-4.222087100000000248e+01
-2.850119999999999876e-01,-4.209268600000000049e+01
7.431149999999999700e-01,-4.196544999999999703e+01
1.704827000000000092e+00,-4.187736100000000050e+01
2.606929000000000052e+00,-4.165206899999999735e+01
3.498655000000000292e+00,-4.119728900000000493e+01
4.457748999999999739e+00,-4.061304899999999662e+01
5.381415000000000504e+00,-4.002829400000000248e+01
6.191114999999999924e+00,-3.947061200000000269e+01
6.765324999999999811e+00,-3.889489000000000374e+01
7.027889000000000053e+00,-3.820918999999999954e+01
7.061497999999999386e+00,-3.748682399999999859e+01
6.859836000000000489e+00,-3.682551600000000036e+01
6.535963999999999885e+00,-3.611069899999999677e+01
6.106164999999999843e+00,-3.535810500000000189e+01
5.664615000000000400e+00,-3.463250399999999729e+01
5.249257000000000062e+00,-3.386807600000000207e+01
4.835430999999999813e+00,-3.308585699999999719e+01
4.397933000000000092e+00,-3.233398100000000142e+01
3.950199000000000016e+00,-3.170621099999999970e+01
3.509999999999999787e+00,-3.121063400000000243e+01
3.024286000000000030e+00,-3.086579099999999798e+01
2.535733000000000015e+00,-3.054051400000000172e+01
2.027960999999999903e+00,-3.025120499999999879e+01
1.523927000000000032e+00,-2.995490800000000320e+01
1.027679000000000009e+00,-2.969902399999999787e+01
5.500540000000000429e-01,-2.948346500000000248e+01
1.778530000000000111e-01,-2.949858100000000150e+01
6.166200000000000153e-02,-2.965071899999999872e+01
2.259619999999999962e-01,-2.984810099999999977e+01
5.234630000000000116e-01,-2.990667899999999690e+01
7.659189999999999054e-01,-2.979436300000000060e+01
8.967879999999999185e-01,-2.956754099999999852e+01
8.852040000000001019e-01,-2.930873099999999809e+01
8.245919999999999916e-01,-2.909070200000000028e+01
7.467080000000000384e-01,-2.894879500000000050e+01
6.608460000000000445e-01,-2.884845200000000176e+01
5.690490000000000270e-01,-2.875037000000000020e+01
