1.746040700000000001e+01,1.344937999999999967e+01
1.762585599999999886e+01,1.368673099999999998e+01
1.771110499999999988e+01,1.384744099999999989e+01
1.774182700000000068e+01,1.391682000000000130e+01
1.779759800000000070e+01,1.406525400000000126e+01
1.782866299999999882e+01,1.419990299999999905e+01
1.787709399999999960e+01,1.429598399999999891e+01
1.790989899999999935e+01,1.433838699999999911e+01
1.790617200000000153e+01,1.432325199999999832e+01
1.793075199999999825e+01,1.427957699999999974e+01
1.796432699999999727e+01,1.427418299999999896e+01
1.805347099999999827e+01,1.421703299999999892e+01
1.820402299999999940e+01,1.412552499999999966e+01
1.839315799999999967e+01,1.415087199999999967e+01
1.861598400000000098e+01,1.424472199999999944e+01
1.882269300000000101e+01,1.431352500000000028e+01
1.902855499999999722e+01,1.434297800000000045e+01
1.931033299999999997e+01,1.445757600000000132e+01
1.968744299999999825e+01,1.449014299999999977e+01
2.005247699999999966e+01,1.442509100000000011e+01
2.037204399999999893e+01,1.434580599999999961e+01
2.061192499999999939e+01,1.432436900000000080e+01
2.080169300000000021e+01,1.429028699999999930e+01
2.098128299999999768e+01,1.427145299999999928e+01
2.109645799999999838e+01,1.428566900000000039e+01
2.109658200000000150e+01,1.434367600000000031e+01
2.105161899999999875e+01,1.444248400000000032e+01
2.100832399999999822e+01,1.460476499999999866e+01
2.101487200000000044e+01,1.479443500000000000e+01
2.111844999999999928e+01,1.492396300000000053e+01
2.131736599999999981e+01,1.507397900000000135e+01
2.158797799999999967e+01,1.520559800000000017e+01
2.182675000000000054e+01,1.527216899999999988e+01
2.198973799999999912e+01,1.519641099999999945e+01
2.205176499999999962e+01,1.514191199999999959e+01
2.208480799999999888e+01,1.523074599999999990e+01
2.217681699999999978e+01,1.522388999999999903e+01
2.228739200000000054e+01,1.510016900000000106e+01
2.233799700000000144e+01,1.512173699999999954e+01
2.226107800000000125e+01,1.535552699999999859e+01
2.214211300000000193e+01,1.541906200000000027e+01
2.207410799999999895e+01,1.530886600000000008e+01
2.198350899999999797e+01,1.522829400000000000e+01
2.186929100000000048e+01,1.513439999999999941e+01
2.174549899999999880e+01,1.499891299999999994e+01
2.158452399999999827e+01,1.488470300000000002e+01
2.143731299999999962e+01,1.468136900000000011e+01
2.129517699999999891e+01,1.444369200000000042e+01
2.115877700000000061e+01,1.421012900000000023e+01
2.105214300000000094e+01,1.391043099999999910e+01
2.096162600000000253e+01,1.360620600000000024e+01
2.087230499999999722e+01,1.341084700000000041e+01
2.081091699999999989e+01,1.328660499999999800e+01
2.076017799999999980e+01,1.322449500000000100e+01
2.070996500000000040e+01,1.322949999999999982e+01
2.063653400000000104e+01,1.323451600000000106e+01
2.048208200000000190e+01,1.311987699999999890e+01
2.021131300000000053e+01,1.292749900000000096e+01
1.992071499999999773e+01,1.274416300000000035e+01
1.963817799999999991e+01,1.255304299999999884e+01
1.932063299999999728e+01,1.235907700000000098e+01
1.896142800000000150e+01,1.208401999999999887e+01
1.856447600000000264e+01,1.179957100000000025e+01
1.819317999999999813e+01,1.157974100000000028e+01
1.791957099999999770e+01,1.141505599999999987e+01
1.776559100000000058e+01,1.131695200000000057e+01
1.766403000000000034e+01,1.123936699999999966e+01
1.757340400000000002e+01,1.113488399999999956e+01
1.746646300000000096e+01,1.099028999999999989e+01
1.735618799999999951e+01,1.086553300000000100e+01
1.727069699999999841e+01,1.076456199999999974e+01
1.721182800000000057e+01,1.068820200000000042e+01
1.718459700000000012e+01,1.063963900000000073e+01
1.718895499999999998e+01,1.056510899999999964e+01
1.717490400000000150e+01,1.050241399999999992e+01
1.713194299999999970e+01,1.043712599999999924e+01
1.707611699999999999e+01,1.038731499999999919e+01
1.703964200000000062e+01,1.034134700000000073e+01
1.702652199999999993e+01,1.031362999999999985e+01
1.705021999999999949e+01,1.029832500000000017e+01
1.709313999999999822e+01,1.029089399999999976e+01
1.713718800000000186e+01,1.028148299999999971e+01
1.715879599999999883e+01,1.022899400000000014e+01
1.715359899999999982e+01,1.016755599999999937e+01
1.714427000000000234e+01,1.013522899999999893e+01
1.715049199999999985e+01,1.010549799999999898e+01
1.717238800000000154e+01,1.007681499999999986e+01
1.721014800000000022e+01,1.001814500000000052e+01
1.728804599999999780e+01,9.957779999999999632e+00
1.736239600000000038e+01,9.862546999999999287e+00
1.742118299999999920e+01,9.766164999999999097e+00
1.744799200000000283e+01,9.691496000000000777e+00
1.746715899999999877e+01,9.633271000000000583e+00
1.750683800000000190e+01,9.586688999999999794e+00
1.758181199999999933e+01,9.551353000000000648e+00
1.764499100000000098e+01,9.528173999999999921e+00
1.770232599999999934e+01,9.515722000000000236e+00
1.773192799999999991e+01,9.485960000000000392e+00
1.775710499999999925e+01,9.459583999999999548e+00
1.778350999999999971e+01,9.425344000000000833e+00
1.780037699999999745e+01,9.403814999999999813e+00
1.781831700000000041e+01,9.378125000000000711e+00
1.785944899999999791e+01,9.360559000000000296e+00
1.794125599999999920e+01,9.349730000000000985e+00
1.805459000000000103e+01,9.336123999999999867e+00
1.816803699999999822e+01,9.295063999999999993e+00
1.828297000000000239e+01,9.238128999999998925e+00
1.836655000000000015e+01,9.193521000000000498e+00
1.845719300000000018e+01,9.170213999999999643e+00
1.857351099999999988e+01,9.162608999999999781e+00
1.871261799999999909e+01,9.154422999999999533e+00
1.884186700000000059e+01,9.151194999999999524e+00
1.894753800000000155e+01,9.132841000000000875e+00
1.901729200000000120e+01,9.083586000000000382e+00
1.906065800000000010e+01,9.054880000000000706e+00
1.909914599999999751e+01,9.046836000000000766e+00
1.915184999999999960e+01,9.041586000000000567e+00
1.918843299999999985e+01,9.025372000000000838e+00
1.921739399999999875e+01,9.022627999999999204e+00
1.929117799999999860e+01,9.004286999999999708e+00
1.938569100000000134e+01,8.946550999999999476e+00
1.946122199999999935e+01,8.888266999999999030e+00
1.951350199999999901e+01,8.826724999999999710e+00
1.952518299999999840e+01,8.792357000000000866e+00
1.953747600000000162e+01,8.796216000000001145e+00
1.955477499999999935e+01,8.804414999999998770e+00
1.960087800000000158e+01,8.836859999999999715e+00
1.964019800000000160e+01,8.835628999999999067e+00
1.964228599999999858e+01,8.821111999999999398e+00
1.961023699999999792e+01,8.823863000000001122e+00
1.957913800000000037e+01,8.820477999999999597e+00
1.956039600000000078e+01,8.835710000000000619e+00
1.954238900000000001e+01,8.856880999999999560e+00
1.953107999999999933e+01,8.858463999999999672e+00
1.952105900000000105e+01,8.851081999999999894e+00
1.953216600000000014e+01,8.837214999999998710e+00
1.956003199999999964e+01,8.809222999999999359e+00
1.956933400000000134e+01,8.789289000000000129e+00
1.957763900000000135e+01,8.750067999999998847e+00
1.956786699999999968e+01,8.739022000000000290e+00
1.955659899999999851e+01,8.749224999999999142e+00
1.955829999999999913e+01,8.740429999999999922e+00
1.959277900000000017e+01,8.720589999999999620e+00
1.966603999999999886e+01,8.704072999999999283e+00
1.977750400000000042e+01,8.696046000000000831e+00
1.992715799999999859e+01,8.684888000000000829e+00
2.010092000000000212e+01,8.673210000000000974e+00
2.029322399999999860e+01,8.645792000000000144e+00
2.046886399999999995e+01,8.642942999999998932e+00
2.060894000000000048e+01,8.657214999999998994e+00
2.070959299999999814e+01,8.667457999999999885e+00
2.079712699999999970e+01,8.662330000000000751e+00
2.085432600000000036e+01,8.660280000000000200e+00
2.087748299999999801e+01,8.641325000000000145e+00
2.086910400000000010e+01,8.578188000000000812e+00
2.084572800000000115e+01,8.529123000000000232e+00
2.081244500000000031e+01,8.510358999999999341e+00
2.082537500000000108e+01,8.554214999999999236e+00
2.085555599999999998e+01,8.612607999999999819e+00
2.088580699999999979e+01,8.671606000000000591e+00
2.090176800000000057e+01,8.718806999999999974e+00
2.091828299999999885e+01,8.729347000000000634e+00
2.093859700000000146e+01,8.730396999999999963e+00
2.097278200000000226e+01,8.737619000000000469e+00
2.102437399999999812e+01,8.728187000000000140e+00
2.108045800000000014e+01,8.725495000000000445e+00
2.119543999999999784e+01,8.735379000000000005e+00
2.139448399999999850e+01,8.765771000000000868e+00
2.170369099999999918e+01,8.781219999999999359e+00
2.228145199999999804e+01,8.788145000000000095e+00
2.315808099999999925e+01,8.719958999999999349e+00
2.422067799999999949e+01,8.637586000000000652e+00
2.544133900000000281e+01,8.569587000000000288e+00
2.686643600000000021e+01,8.535707999999999629e+00
2.841437499999999972e+01,8.482198000000000349e+00
3.000952100000000300e+01,8.407600999999999658e+00
3.158761200000000002e+01,8.298780000000000712e+00
3.313207199999999375e+01,8.149532999999999916e+00
3.462512199999999751e+01,8.008714999999998696e+00
3.601329799999999892e+01,7.848549000000000220e+00
3.723308200000000312e+01,7.611553999999999043e+00
3.828469799999999879e+01,7.335778999999999606e+00
3.925176199999999938e+01,7.051758999999999666e+00
4.019222299999999848e+01,6.796000000000000263e+00
4.109217100000000045e+01,6.560102000000000544e+00
4.193402100000000132e+01,6.320473000000000674e+00
4.234330399999999628e+01,6.201782999999999824e+00
4.313038300000000191e+01,5.928233000000000530e+00
4.386997600000000119e+01,5.599418000000000006e+00
4.459923900000000430e+01,5.257423999999999431e+00
4.533958100000000258e+01,4.929971000000000103e+00
4.604735600000000062e+01,4.601742999999999917e+00
4.662520999999999560e+01,4.307310000000000194e+00
4.713611199999999712e+01,4.065508999999999595e+00
4.757738100000000259e+01,3.835058999999999774e+00
4.793159500000000151e+01,3.630564000000000124e+00
4.824311399999999850e+01,3.442479000000000067e+00
4.855025900000000405e+01,3.236704000000000025e+00
4.907957100000000139e+01,2.868721999999999994e+00
4.956536899999999690e+01,2.575928999999999913e+00
5.014444400000000002e+01,2.281353999999999882e+00
5.071500400000000042e+01,2.014453000000000049e+00
5.119048699999999741e+01,1.775670000000000082e+00
5.156643300000000352e+01,1.556399000000000088e+00
5.187060900000000174e+01,1.354567000000000077e+00
5.210140200000000021e+01,1.208915999999999880e+00
5.226233299999999815e+01,1.085015999999999980e+00
5.236629899999999793e+01,9.821479999999999100e-01
5.245194599999999951e+01,9.087280000000000912e-01
5.257035100000000227e+01,8.110870000000000024e-01
5.264680100000000351e+01,7.481160000000000032e-01
5.281266399999999805e+01,5.796069999999999833e-01
5.296704499999999882e+01,3.917700000000000071e-01
5.308630000000000138e+01,2.128739999999999799e-01
5.314212400000000258e+01,6.053400000000000447e-02
5.315190899999999630e+01,-5.497999999999999415e-02
5.311275500000000704e+01,-1.647150000000000003e-01
5.305746800000000718e+01,-2.921119999999999828e-01
5.299874499999999244e+01,-4.275970000000000049e-01
5.293170200000000136e+01,-5.649140000000000272e-01
5.289321100000000087e+01,-6.705240000000000089e-01
5.286200699999999841e+01,-6.953770000000000229e-01
5.282219699999999563e+01,-7.083420000000000272e-01
5.273567599999999800e+01,-7.116770000000000040e-01
5.260358399999999790e+01,-7.112899999999999778e-01
5.247087900000000360e+01,-7.241680000000000339e-01
5.236319400000000002e+01,-7.245199999999999418e-01
5.227063400000000115e+01,-7.344760000000000177e-01
5.219501100000000093e+01,-7.552849999999999842e-01
5.215052000000000021e+01,-7.743569999999999620e-01
5.215811200000000269e+01,-8.115999999999999881e-01
5.217171100000000195e+01,-8.396940000000000515e-01
5.217392299999999494e+01,-8.949049999999999505e-01
5.212367199999999912e+01,-9.025320000000000009e-01
5.203967999999999705e+01,-8.952120000000001188e-01
5.195532999999999646e+01,-8.827819999999999556e-01
5.188736300000000057e+01,-8.406850000000000156e-01
5.183185999999999893e+01,-7.969979999999999842e-01
5.177619899999999831e+01,-7.528229999999999089e-01
5.171620200000000267e+01,-7.016189999999999927e-01
5.165171099999999882e+01,-6.587779999999999747e-01
5.153652999999999906e+01,-5.861300000000000399e-01
5.148948699999999690e+01,-5.630709999999999882e-01
5.140379300000000029e+01,-5.395630000000000148e-01
5.134510800000000330e+01,-5.394930000000000003e-01
5.132775900000000036e+01,-5.633690000000000087e-01
5.134251799999999832e+01,-5.812189999999999301e-01
5.134999099999999572e+01,-5.874970000000000470e-01
5.130092600000000402e+01,-5.639539999999999553e-01
5.123147999999999769e+01,-5.211740000000000261e-01
5.116743900000000167e+01,-4.832079999999999709e-01
5.112947100000000233e+01,-4.488189999999999680e-01
5.109680600000000084e+01,-3.978559999999999874e-01
5.106257999999999697e+01,-3.419840000000000102e-01
5.101207000000000136e+01,-2.772239999999999704e-01
5.096009799999999501e+01,-2.221429999999999794e-01
5.090457899999999825e+01,-1.432539999999999925e-01
5.084468100000000135e+01,-5.258700000000000180e-02
5.076921099999999853e+01,2.000899999999999901e-02
5.068547399999999925e+01,6.129400000000000820e-02
5.060703300000000127e+01,6.656799999999998829e-02
5.052989199999999670e+01,5.970399999999999319e-02
5.046036500000000302e+01,3.872199999999999948e-02
5.042594099999999457e+01,-5.199999999999999761e-02
5.045425399999999883e+01,-2.111959999999999948e-01
5.056166100000000085e+01,-4.057389999999999608e-01
5.073426099999999650e+01,-6.558960000000000345e-01
5.092862299999999465e+01,-9.588569999999999593e-01
5.110134899999999902e+01,-1.270251999999999937e+00
5.124374000000000251e+01,-1.559908000000000072e+00
5.134112499999999812e+01,-1.782797000000000187e+00
5.138600499999999727e+01,-1.949111999999999956e+00
5.138554400000000300e+01,-2.093517999999999990e+00
5.136037100000000066e+01,-2.236600000000000144e+00
5.134060699999999855e+01,-2.400190000000000268e+00
5.134591300000000302e+01,-2.560452999999999868e+00
5.139156299999999788e+01,-2.683181999999999956e+00
5.143401300000000020e+01,-2.739666999999999852e+00
5.146739999999999782e+01,-2.765645000000000131e+00
5.148967400000000083e+01,-2.771884000000000015e+00
5.152203800000000200e+01,-2.780731999999999982e+00
5.156974799999999703e+01,-2.784729999999999706e+00
5.163066899999999748e+01,-2.786401999999999823e+00
5.167307999999999879e+01,-2.761395999999999962e+00
5.167231400000000008e+01,-2.733581000000000039e+00
5.161647800000000075e+01,-2.707143999999999995e+00
5.154714600000000502e+01,-2.685661999999999772e+00
5.149080299999999966e+01,-2.667950999999999961e+00
5.144899699999999854e+01,-2.649713000000000207e+00
5.140901900000000069e+01,-2.627493999999999996e+00
5.136287700000000456e+01,-2.632302000000000142e+00
5.131198900000000407e+01,-2.640883000000000091e+00
5.128108999999999895e+01,-2.659574000000000105e+00
5.123960499999999740e+01,-2.663224000000000036e+00
5.118457000000000079e+01,-2.667027000000000037e+00
5.111252600000000257e+01,-2.665958000000000272e+00
5.104973599999999578e+01,-2.654733000000000231e+00
5.101455700000000348e+01,-2.638211000000000084e+00
5.103340500000000191e+01,-2.628344999999999931e+00
5.107261299999999693e+01,-2.588937000000000044e+00
5.110255099999999828e+01,-2.550912999999999986e+00
5.110295900000000557e+01,-2.527306000000000274e+00
5.108302299999999718e+01,-2.526310000000000056e+00
5.106806199999999762e+01,-2.539918000000000120e+00
5.105180000000000007e+01,-2.576888999999999985e+00
5.103501899999999836e+01,-2.650787999999999922e+00
5.100676299999999941e+01,-2.754418999999999951e+00
5.097716499999999940e+01,-2.854103999999999974e+00
5.098680099999999982e+01,-2.929540000000000255e+00
5.102618400000000065e+01,-2.998011999999999677e+00
5.105427600000000155e+01,-3.062149000000000232e+00
5.105338700000000074e+01,-3.156940000000000079e+00
5.101131099999999918e+01,-3.265902999999999778e+00
5.097796599999999501e+01,-3.420510999999999857e+00
5.096390499999999690e+01,-3.640109999999999957e+00
5.095439499999999811e+01,-3.924376000000000086e+00
5.090932800000000213e+01,-4.316936000000000107e+00
5.082606899999999683e+01,-4.880214999999999748e+00
5.071889900000000040e+01,-5.566626000000000296e+00
5.062138699999999858e+01,-6.324788999999999994e+00
5.055063599999999724e+01,-7.204816000000000109e+00
5.051959999999999695e+01,-8.061795000000000044e+00
5.052062600000000003e+01,-9.018288000000000082e+00
5.054184699999999708e+01,-9.957456000000000529e+00
5.059466599999999659e+01,-1.085781399999999941e+01
5.066326099999999855e+01,-1.176012400000000113e+01
5.071293299999999959e+01,-1.257055200000000106e+01
5.072459400000000329e+01,-1.338929200000000108e+01
5.073077399999999670e+01,-1.416695599999999899e+01
5.070957199999999432e+01,-1.494196200000000019e+01
5.067583499999999930e+01,-1.568396400000000135e+01
5.062274599999999936e+01,-1.642690799999999740e+01
5.058526599999999718e+01,-1.710494200000000120e+01
5.059663400000000166e+01,-1.776892999999999745e+01
5.068739699999999715e+01,-1.837590400000000201e+01
5.086044299999999652e+01,-1.893164600000000064e+01
5.109968599999999839e+01,-1.942726099999999789e+01
5.138283500000000004e+01,-1.987396999999999991e+01
5.166750300000000351e+01,-2.029493700000000089e+01
5.190942800000000545e+01,-2.070365899999999826e+01
5.206489600000000451e+01,-2.113984500000000111e+01
5.219541500000000411e+01,-2.156491300000000066e+01
5.226903499999999525e+01,-2.192314000000000007e+01
5.228395499999999885e+01,-2.221909500000000293e+01
5.224111599999999811e+01,-2.244893500000000230e+01
5.215632999999999697e+01,-2.264608799999999889e+01
5.206507500000000022e+01,-2.287576099999999713e+01
5.195681799999999839e+01,-2.316959200000000152e+01
5.179236199999999712e+01,-2.348675199999999919e+01
5.158663200000000160e+01,-2.380653599999999770e+01
5.129850799999999822e+01,-2.411628500000000130e+01
5.082126999999999839e+01,-2.445141200000000126e+01
5.009269699999999403e+01,-2.473699999999999832e+01
4.910038800000000236e+01,-2.488410899999999870e+01
4.807847999999999900e+01,-2.489118399999999909e+01
4.714195999999999742e+01,-2.489460000000000051e+01
4.632175399999999854e+01,-2.491869900000000015e+01
4.565138199999999813e+01,-2.494165599999999827e+01
4.512677399999999750e+01,-2.494259299999999868e+01
4.476997399999999772e+01,-2.487110500000000002e+01
4.461472700000000202e+01,-2.476609399999999894e+01
4.462000300000000408e+01,-2.465182899999999933e+01
4.472602499999999992e+01,-2.451085300000000089e+01
4.490346100000000007e+01,-2.431237399999999838e+01
4.511010399999999976e+01,-2.398806000000000083e+01
4.527067199999999758e+01,-2.355039999999999978e+01
4.536035499999999843e+01,-2.306837699999999813e+01
4.533552900000000108e+01,-2.257560900000000004e+01
4.521956300000000084e+01,-2.209112900000000224e+01
4.504948800000000375e+01,-2.161341900000000038e+01
4.486014899999999983e+01,-2.114467000000000141e+01
4.467119199999999779e+01,-2.069563299999999728e+01
4.449847400000000164e+01,-2.024402000000000257e+01
4.436531800000000203e+01,-1.978367399999999776e+01
4.430163999999999902e+01,-1.933993900000000110e+01
4.429165600000000325e+01,-1.890832900000000194e+01
4.427698900000000037e+01,-1.843604900000000058e+01
4.423137700000000194e+01,-1.794520999999999944e+01
4.411996800000000007e+01,-1.745191600000000065e+01
4.396451199999999915e+01,-1.695028900000000149e+01
4.379396799999999956e+01,-1.645622799999999941e+01
4.362736100000000050e+01,-1.593622999999999834e+01
4.345098499999999575e+01,-1.536289500000000174e+01
4.326993600000000129e+01,-1.474013099999999987e+01
4.307618699999999734e+01,-1.402491000000000021e+01
4.287307400000000257e+01,-1.326687800000000017e+01
4.264548500000000075e+01,-1.248187099999999994e+01
4.239427599999999785e+01,-1.172921400000000069e+01
4.214594300000000260e+01,-1.106498000000000026e+01
4.191660699999999906e+01,-1.048279999999999923e+01
4.172775299999999987e+01,-1.001911400000000008e+01
4.159793900000000377e+01,-9.653571000000001234e+00
4.153560600000000136e+01,-9.383878999999998527e+00
4.149611699999999814e+01,-9.171711999999999421e+00
4.146591600000000000e+01,-8.968882999999999939e+00
4.143884299999999854e+01,-8.760628000000000526e+00
4.142471299999999701e+01,-8.567496999999999474e+00
4.142830299999999966e+01,-8.412221000000000615e+00
4.144236400000000486e+01,-8.282027000000001138e+00
4.144294000000000011e+01,-8.174132000000000176e+00
4.142070400000000063e+01,-8.116382000000001540e+00
4.136319000000000301e+01,-8.114796000000000120e+00
4.128288700000000233e+01,-8.133995999999999782e+00
4.120640600000000120e+01,-8.180694000000000798e+00
4.115875599999999679e+01,-8.197258999999998963e+00
4.118104199999999793e+01,-8.199714999999999421e+00
4.126162000000000063e+01,-8.172297999999999618e+00
4.138225599999999815e+01,-8.135188000000001196e+00
4.153234899999999641e+01,-8.085513999999999868e+00
4.168425799999999981e+01,-8.068875999999999493e+00
4.178101699999999852e+01,-8.088722000000000634e+00
4.184521500000000316e+01,-8.113483999999999696e+00
4.185949699999999751e+01,-8.110621999999999332e+00
4.183976400000000240e+01,-8.094152000000001124e+00
4.182726699999999909e+01,-8.091120000000000090e+00
4.182451199999999858e+01,-8.080625999999998754e+00
4.183464800000000139e+01,-8.042685000000000528e+00
4.184363900000000314e+01,-8.010616000000000625e+00
4.184393299999999982e+01,-7.993096999999999674e+00
4.183279799999999682e+01,-7.970189999999999664e+00
4.181927899999999454e+01,-7.943386000000000280e+00
4.180888000000000204e+01,-7.923788000000000054e+00
4.178496899999999670e+01,-7.878103999999999552e+00
4.173731200000000285e+01,-7.808292999999999040e+00
4.168194600000000349e+01,-7.720846000000000764e+00
4.164086900000000213e+01,-7.641919999999999824e+00
4.160049799999999465e+01,-7.580261999999999389e+00
4.157838800000000390e+01,-7.560903999999998959e+00
4.156153100000000222e+01,-7.564582999999999835e+00
4.154862999999999573e+01,-7.598565999999999931e+00
4.155247100000000415e+01,-7.657791999999999710e+00
4.157520300000000191e+01,-7.696633000000000280e+00
4.159527599999999836e+01,-7.709182000000001089e+00
4.162568300000000221e+01,-7.731746000000000230e+00
4.165277899999999534e+01,-7.760619999999999408e+00
4.167601799999999912e+01,-7.796588999999999992e+00
4.168518399999999957e+01,-7.852608999999999284e+00
4.168283100000000019e+01,-7.923696999999999768e+00
4.166148799999999852e+01,-8.018239999999998702e+00
4.164623999999999882e+01,-8.118444999999999467e+00
4.165757800000000088e+01,-8.194399000000000655e+00
4.171647999999999712e+01,-8.265598999999999918e+00
4.178210100000000438e+01,-8.303519999999998902e+00
4.183015800000000439e+01,-8.358147000000000659e+00
4.188051600000000008e+01,-8.460208999999998980e+00
4.192959199999999953e+01,-8.568191999999999808e+00
4.201617800000000358e+01,-8.670666999999999902e+00
4.213678000000000168e+01,-8.750944999999999752e+00
4.225297899999999629e+01,-8.787853000000000137e+00
4.233488799999999941e+01,-8.795172000000000878e+00
4.236197999999999553e+01,-8.787228999999999957e+00
4.234883500000000112e+01,-8.790475999999999956e+00
4.233535399999999527e+01,-8.872353999999999630e+00
4.235602199999999584e+01,-9.048216000000000037e+00
4.240705499999999972e+01,-9.241577000000001263e+00
4.247512100000000146e+01,-9.419317999999998747e+00
4.255495499999999964e+01,-9.545378999999998726e+00
4.263323599999999658e+01,-9.615795000000000314e+00
4.267065000000000197e+01,-9.654977000000000587e+00
4.264592000000000382e+01,-9.656928999999999874e+00
4.259196099999999774e+01,-9.643174000000000134e+00
4.252375399999999672e+01,-9.618650000000000588e+00
4.246168499999999568e+01,-9.575991999999999393e+00
4.237808599999999615e+01,-9.521492999999999540e+00
4.226996599999999660e+01,-9.442705000000000126e+00
4.205701799999999935e+01,-9.325536999999998855e+00
4.173318100000000186e+01,-9.135172000000000736e+00
4.129599000000000331e+01,-8.811393999999999949e+00
4.079779099999999659e+01,-8.400152999999999537e+00
4.028753700000000038e+01,-7.932535000000000558e+00
3.976864600000000394e+01,-7.438153999999999044e+00
3.923829699999999576e+01,-6.911160000000000636e+00
3.867000200000000376e+01,-6.346503000000000227e+00
3.806727199999999556e+01,-5.755792999999999715e+00
3.742130300000000176e+01,-5.130351999999999357e+00
3.671334500000000389e+01,-4.429994000000000653e+00
3.592942399999999736e+01,-3.689341999999999899e+00
3.509920100000000076e+01,-2.930547999999999931e+00
3.427645499999999856e+01,-2.175497000000000014e+00
3.348854099999999789e+01,-1.434279999999999999e+00
3.279167899999999491e+01,-7.050400000000000000e-01
3.218119399999999786e+01,2.170099999999999807e-02
3.165391199999999827e+01,7.315000000000000391e-01
3.120936599999999572e+01,1.449487999999999888e+00
3.076425599999999960e+01,2.195690000000000364e+00
3.029191799999999901e+01,2.931996999999999964e+00
2.977312700000000234e+01,3.667258000000000351e+00
2.920875399999999900e+01,4.383511000000000379e+00
2.863839000000000112e+01,5.036273000000000444e+00
2.805416900000000169e+01,5.608527999999999736e+00
2.749139399999999966e+01,6.042812999999999768e+00
2.695154600000000045e+01,6.431941999999999382e+00
2.639556099999999716e+01,6.853827000000000780e+00
2.583971999999999980e+01,7.271766999999999648e+00
2.526972999999999914e+01,7.640293999999999919e+00
2.471964600000000090e+01,7.961108999999999547e+00
2.421948800000000190e+01,8.193627000000001104e+00
2.366754699999999900e+01,8.332361000000000573e+00
2.298131899999999916e+01,8.425844999999998919e+00
2.223408500000000032e+01,8.499147000000000673e+00
2.137978000000000023e+01,8.600391999999999371e+00
2.041917999999999722e+01,8.697480999999999796e+00
1.939262599999999992e+01,8.692614999999999981e+00
1.826963200000000143e+01,8.582126999999999839e+00
1.712433599999999956e+01,8.509812000000000154e+00
1.603293400000000091e+01,8.440288999999999930e+00
1.503487699999999982e+01,8.417910000000000892e+00
1.419336000000000020e+01,8.425574000000001007e+00
1.353846099999999808e+01,8.443022000000000915e+00
1.310751600000000039e+01,8.520336999999999605e+00
1.286729799999999990e+01,8.589817999999999287e+00
1.273867500000000064e+01,8.617425000000000779e+00
1.265744699999999945e+01,8.568196999999999619e+00
1.259912600000000005e+01,8.507203000000000515e+00
1.257818099999999895e+01,8.483674999999999855e+00
1.255106900000000003e+01,8.442952999999999264e+00
1.251125700000000052e+01,8.357283999999999935e+00
1.243059300000000000e+01,8.272413999999999490e+00
1.231429799999999908e+01,8.191129000000000104e+00
1.215877700000000061e+01,8.103818999999999662e+00
1.197381299999999982e+01,8.069827999999999335e+00
1.181530000000000058e+01,8.083859000000000350e+00
1.172999800000000015e+01,8.109652999999999778e+00
1.175580800000000004e+01,8.122752999999999446e+00
1.191108399999999889e+01,8.152678999999999121e+00
1.198003399999999985e+01,8.165371999999999630e+00
1.210440099999999930e+01,8.220825999999998857e+00
1.222132899999999900e+01,8.299263999999999086e+00
1.233885200000000104e+01,8.402112999999999943e+00
1.247194000000000003e+01,8.524808000000000163e+00
1.259629100000000079e+01,8.696120999999999768e+00
1.271285700000000141e+01,8.884434999999999860e+00
1.281770500000000013e+01,9.064913999999999916e+00
1.293606400000000001e+01,9.263885000000000147e+00
1.309144600000000125e+01,9.522902999999999452e+00
1.333418800000000104e+01,9.870798999999999879e+00
1.366764099999999971e+01,1.026113500000000123e+01
1.403290100000000074e+01,1.070283899999999910e+01
1.437983299999999787e+01,1.116156199999999998e+01
1.467155599999999893e+01,1.164025700000000008e+01
1.487540000000000084e+01,1.210613700000000037e+01
1.498813099999999920e+01,1.254770399999999952e+01
1.500033400000000050e+01,1.290398899999999927e+01
1.490970899999999943e+01,1.322366499999999867e+01
1.471906499999999873e+01,1.353387300000000160e+01
1.446301499999999862e+01,1.384483599999999903e+01
1.422489400000000082e+01,1.413547900000000013e+01
1.401110400000000134e+01,1.444185400000000108e+01
1.382118200000000030e+01,1.476731099999999941e+01
1.366016700000000128e+01,1.510134700000000052e+01
1.351435599999999937e+01,1.545964700000000036e+01
1.335897099999999860e+01,1.577629899999999985e+01
1.319535299999999900e+01,1.600044800000000222e+01
1.301942400000000077e+01,1.616476799999999869e+01
1.286158700000000010e+01,1.628512200000000121e+01
1.274202899999999872e+01,1.637288699999999864e+01
1.266552400000000134e+01,1.644229899999999844e+01
1.261107299999999931e+01,1.654255500000000012e+01
1.257221400000000067e+01,1.667324100000000087e+01
1.254000399999999971e+01,1.677348900000000143e+01
1.253764900000000004e+01,1.684534599999999926e+01
1.257531400000000055e+01,1.689269600000000082e+01
1.262679799999999908e+01,1.693015499999999918e+01
1.267296200000000006e+01,1.699338299999999791e+01
1.271108399999999961e+01,1.706524299999999883e+01
1.275451999999999941e+01,1.713115300000000119e+01
1.279109900000000088e+01,1.722606099999999785e+01
1.282854799999999962e+01,1.736204700000000045e+01
1.286331700000000033e+01,1.751054200000000094e+01
1.289344299999999954e+01,1.762477900000000020e+01
1.292080299999999937e+01,1.768430700000000044e+01
1.294042899999999996e+01,1.766031300000000215e+01
1.295179499999999884e+01,1.757572599999999952e+01
1.291858200000000068e+01,1.748514899999999983e+01
1.289329099999999961e+01,1.739571199999999962e+01
1.286838599999999921e+01,1.730812099999999987e+01
1.289118000000000031e+01,1.722116499999999917e+01
1.295357399999999970e+01,1.716015400000000213e+01
1.305267300000000041e+01,1.710718299999999914e+01
1.313163999999999909e+01,1.707221200000000039e+01
1.320685899999999968e+01,1.704308699999999988e+01
1.325672000000000139e+01,1.698496799999999851e+01
1.329943800000000032e+01,1.690180600000000055e+01
1.334561499999999867e+01,1.683010300000000115e+01
1.340418800000000132e+01,1.678686499999999882e+01
1.348187800000000003e+01,1.677006499999999889e+01
1.358239999999999981e+01,1.676365499999999997e+01
1.369265400000000099e+01,1.676186900000000080e+01
1.381374200000000130e+01,1.677216900000000166e+01
1.394172000000000189e+01,1.675161400000000000e+01
1.404243200000000158e+01,1.669632299999999958e+01
1.412525199999999970e+01,1.657604200000000105e+01
1.416334800000000094e+01,1.644303700000000035e+01
1.418872600000000084e+01,1.632976000000000028e+01
1.422638299999999845e+01,1.626261300000000176e+01
1.429018500000000103e+01,1.623979599999999834e+01
1.435905799999999921e+01,1.621153500000000136e+01
1.442601499999999959e+01,1.618563999999999936e+01
1.447420499999999954e+01,1.613407899999999984e+01
1.450763099999999994e+01,1.609166899999999956e+01
1.452944200000000130e+01,1.603181599999999918e+01
1.453494599999999970e+01,1.595233400000000046e+01
1.453953399999999974e+01,1.585648100000000049e+01
1.455244599999999977e+01,1.576212099999999872e+01
1.458093699999999870e+01,1.569056300000000093e+01
1.464956600000000009e+01,1.562669899999999856e+01
1.474031599999999997e+01,1.559857099999999974e+01
1.481647900000000107e+01,1.555627000000000137e+01
1.488333900000000121e+01,1.549559899999999857e+01
1.491984800000000178e+01,1.542673699999999926e+01
1.493590400000000074e+01,1.534697300000000020e+01
1.496203599999999945e+01,1.522789700000000046e+01
1.499649800000000077e+01,1.510872999999999955e+01
1.504519200000000190e+01,1.501260599999999990e+01
1.508501700000000056e+01,1.494859399999999994e+01
1.510750400000000049e+01,1.492397699999999894e+01
1.512009800000000048e+01,1.490496099999999835e+01
1.514323500000000067e+01,1.490156200000000020e+01
1.517112399999999894e+01,1.489295499999999883e+01
1.520463299999999940e+01,1.485619800000000090e+01
1.525079400000000085e+01,1.478051600000000043e+01
1.531506199999999929e+01,1.471089500000000072e+01
1.541414400000000029e+01,1.464403999999999861e+01
1.550041400000000102e+01,1.460775700000000121e+01
1.557255100000000070e+01,1.454376900000000106e+01
1.562807399999999980e+01,1.445526400000000145e+01
1.567387600000000170e+01,1.435983599999999782e+01
1.574373100000000036e+01,1.424628599999999778e+01
1.585211900000000007e+01,1.409673599999999816e+01
1.597182300000000055e+01,1.391015699999999988e+01
1.610524599999999751e+01,1.366459599999999952e+01
1.624719599999999886e+01,1.334649899999999967e+01
1.639582099999999798e+01,1.305043200000000070e+01
1.654007299999999958e+01,1.277812199999999976e+01
1.665744800000000225e+01,1.257607499999999945e+01
1.673037000000000063e+01,1.241241400000000006e+01
1.677225899999999825e+01,1.226788699999999999e+01
1.680525400000000147e+01,1.209924600000000083e+01
1.686744099999999946e+01,1.190044900000000005e+01
1.698613900000000143e+01,1.167825899999999884e+01
1.713670499999999919e+01,1.144565099999999980e+01
1.733166700000000304e+01,1.122422800000000009e+01
1.752993599999999930e+01,1.106393599999999999e+01
1.771706999999999965e+01,1.100385599999999897e+01
1.785955199999999721e+01,1.098375000000000057e+01
1.797823900000000208e+01,1.097446300000000008e+01
1.806251099999999710e+01,1.095549499999999910e+01
1.812430799999999920e+01,1.090472800000000042e+01
1.814964499999999958e+01,1.079812400000000139e+01
1.812737999999999872e+01,1.068536899999999967e+01
1.806898500000000141e+01,1.060627799999999965e+01
1.799794599999999889e+01,1.054173699999999947e+01
1.794825000000000159e+01,1.049460700000000024e+01
1.792662200000000183e+01,1.046445099999999861e+01
1.794010000000000105e+01,1.044336999999999982e+01
1.798453900000000161e+01,1.043861499999999864e+01
1.804016299999999973e+01,1.041400099999999895e+01
1.805952100000000016e+01,1.038206399999999974e+01
1.805421300000000073e+01,1.034365200000000051e+01
1.802139999999999986e+01,1.028453700000000026e+01
1.800773999999999830e+01,1.026538500000000020e+01
1.801475899999999797e+01,1.026516600000000068e+01
1.805164699999999911e+01,1.027640099999999990e+01
1.807635900000000007e+01,1.029415000000000013e+01
1.808493599999999901e+01,1.031630499999999984e+01
1.805951099999999698e+01,1.033514499999999892e+01
1.801336700000000235e+01,1.034201199999999865e+01
1.797203400000000073e+01,1.035023400000000038e+01
1.794040299999999988e+01,1.034707700000000052e+01
1.792549700000000001e+01,1.033683100000000010e+01
1.791981099999999927e+01,1.034311300000000067e+01
1.792891900000000049e+01,1.035978399999999944e+01
1.794068700000000049e+01,1.037767899999999877e+01
1.796593700000000027e+01,1.039717500000000072e+01
1.795699700000000121e+01,1.043672499999999914e+01
1.793868599999999702e+01,1.047912299999999952e+01
1.789708900000000114e+01,1.050053999999999910e+01
1.786988399999999899e+01,1.052184499999999900e+01
1.785921899999999951e+01,1.052129400000000103e+01
1.788775300000000001e+01,1.049474600000000102e+01
1.791269099999999881e+01,1.046511799999999859e+01
1.792774800000000113e+01,1.042931000000000097e+01
1.792439699999999903e+01,1.040359499999999926e+01
1.792357300000000109e+01,1.039940799999999932e+01
1.793540199999999984e+01,1.041559400000000046e+01
1.796812200000000104e+01,1.040725400000000000e+01
1.799509800000000226e+01,1.036224699999999999e+01
1.801455499999999788e+01,1.028622400000000070e+01
1.802554699999999954e+01,1.020432500000000076e+01
1.803956600000000066e+01,1.013351399999999991e+01
1.807835599999999943e+01,1.007731199999999916e+01
1.810275799999999791e+01,1.005541700000000027e+01
1.811931799999999981e+01,1.002429099999999984e+01
1.807980500000000035e+01,1.003326399999999907e+01
1.805243499999999912e+01,1.005356199999999944e+01
1.805924399999999963e+01,1.006416300000000064e+01
1.808815600000000146e+01,1.005974199999999996e+01
1.811777700000000024e+01,1.003734500000000018e+01
1.812810699999999997e+01,1.001330399999999976e+01
1.811138000000000048e+01,9.981060000000001153e+00
